x,y
0.5,2.5
0.5,2
0.5,1.5
0.5,1
0.5,0.5
1,2.5
1,2
1,1.5
1,1
1,0.5
1.5,2.5
1.5,2
1.5,1.5
1.5,1
1.5,0.5
2,2.5
2,2
2,1.5
2,1
2,0.5
2.5,2.5
2.5,2
2.5,1.5
2.5,1
2.5,0.5
3,2.5
3,2
3,1.5
3,1
3,0.5
9,2.5
9,2
9,1.5
9,1
9,0.5
9.5,2.5
9.5,2
9.5,1.5
9.5,1
9.5,0.5
10,2.5
10,2
10,1.5
10,1
10,0.5
10.5,2.5
10.5,2
10.5,1.5
10.5,1
10.5,0.5
11,2.5
11,2
11,1.5
11,1
11,0.5
11.5,2.5
11.5,2
11.5,1.5
11.5,1
11.5,0.5
9,5.5
9,5
9,4.5
9,4
9,3.5
9.5,5.5
9.5,5
9.5,4.5
9.5,4
9.5,3.5
10,5.5
10,5
10,4.5
10,4
10,3.5
10.5,5.5
10.5,5
10.5,4.5
10.5,4
10.5,3.5
11,5.5
11,5
11,4.5
11,4
11,3.5
11.5,5.5
11.5,5
11.5,4.5
11.5,4
11.5,3.5
0.5,5.5
0.5,5
0.5,4.5
0.5,4
0.5,3.5
1,5.5
1,5
1,4.5
1,4
1,3.5
1.5,5.5
1.5,5
1.5,4.5
1.5,4
1.5,3.5
2,5.5
2,5
2,4.5
2,4
2,3.5
2.5,5.5
2.5,5
2.5,4.5
2.5,4
2.5,3.5
3,5.5
3,5
3,4.5
3,4
3,3.5