region-centroid-col	region-centroid-row	vedge-mean	vegde-sd	hedge-mean	hedge-sd	intensity-mean	rawred-mean	rawblue-mean	rawgreen-mean	exred-mean	exblue-mean	exgreen-mean	value-mean	saturation-mean	hue-mean
DOUBLE	DOUBLE	DOUBLE	DOUBLE	DOUBLE	DOUBLE	DOUBLE	DOUBLE	DOUBLE	DOUBLE	DOUBLE	DOUBLE	DOUBLE	DOUBLE	DOUBLE	DOUBLE
38	189	1	0.222222	622.222	333.185	290.741	263.333	352.222	256.667	-822.222	184.444	-102.222	352.222	0.271208	-204.915
25	199	111.111	0.607407	105.556	0.462963	175.185	131.111	178.889	215.556	-132.222	111.111	121.111	215.556	0.393002	269.011
49	139	0.166667	0.077778	0.333333	0.088889	0.444444	0	133.333	0	-133.333	266.667	-133.333	133.333	0.777778	-20.944
63	220	305.556	15.263	366.667	608.889	818.519	655.556	644.444	115.556	-488.889	-522.222	101.111	115.556	0.486717	209.315
161	135	0.055556	0.136083	0.111111	0.172133	125.926	0.777778	3	0	-144.444	522.222	-377.778	3	1	-182.221
235	88	0.611111	0.240741	0.944445	0.32963	277.778	0.444444	644.444	144.444	-7	11	-4	644.444	0.938492	-226.954
67	32	0.944444	106.284	177.778	131.092	126.222	115.111	142.222	121.333	-333.333	48	-146.667	142.222	0.190625	-233.375
188	182	161.111	0.742868	416.667	212.655	58	518.889	724.444	496.667	-183.333	433.333	-25	724.444	0.314281	-199.159
217	245	316.667	301.662	216.667	124.276	974.074	744.444	711.111	146.667	-688.889	-788.889	147.778	146.667	0.572767	206.945
9	171	1.5	100.554	277.778	164.204	459.259	41	572.222	395.556	-147.778	338.889	-191.111	572.222	0.307943	-201.072
149	117	0.833333	0.255556	1	0.444445	212.222	211.111	263.333	162.222	-0.333333	153.333	-15	263.333	0.382629	-157.448
136	139	0.666667	0.177778	0.777778	0.207407	533.333	655.556	644.444	3	366.667	333.333	-7	688.889	0.566799	-100.494
214	79	127.778	0.862963	133.333	0.533333	485.185	2	922.222	333.333	-855.556	131.111	-455.556	922.222	0.791667	-228.898
118	125	0.333333	0.298142	0.888889	0.344265	114.815	0	311.111	0.333333	-344.444	588.889	-244.444	311.111	1	-217.565
83	53	0.555555	0.455419	0.722223	0.490652	123.444	112.333	138.222	119.778	-333.333	443.333	-11	138.222	0.187217	-239.327
70	38	122.222	0.272166	1	0.760116	58	50	743.333	496.667	-24	49	-25	743.333	0.336015	-20.785
96	84	1.5	127.778	161.111	228.519	238.519	235.556	30	18	-0.888889	184.444	-175.556	30	0.398791	-159.887
151	129	805.556	814.157	0.722222	0.827758	32.037	275.556	411.111	274.444	-134.444	272.222	-137.778	411.111	0.338407	-20.788
98	144	0.222222	0.02963	0.333333	0.088889	1	0	3	0	-3	6	-3	3	1	-20.944
146	140	105.556	0.462963	1	0.577778	633.333	788.889	733.333	377.778	466.667	3	-766.667	822.222	0.537017	-0.909267
162	237	227.778	114.342	266.667	256.472	132.222	108.889	10	187.778	-7	-966.667	166.667	187.778	0.472826	199.038
155	27	105.556	0.240737	144.445	0.25185	137.519	132.556	146.556	133.444	-148.889	271.111	-122.222	146.556	0.098472	-214.672
83	198	238.889	149.691	483.333	300.925	597.778	531.111	74	522.222	-20	426.667	-226.667	74	0.296314	-205.057
94	104	661.111	142.075	1	0.516399	557.407	488.889	695.556	487.778	-205.556	414.444	-208.889	695.556	0.303071	-208.549
220	111	255.556	165.552	227.778	159.745	295.926	254.444	382.222	251.111	-124.444	258.889	-134.444	382.222	0.349325	-206.472
157	85	122.222	124.127	0.222222	0.172133	189.259	145.556	268.889	153.333	-131.111	238.889	-107.778	268.889	0.459024	-216.091
18	145	0.388889	0.018519	0.611111	0.374074	392.593	555.556	4	222.222	488.889	0.222222	-511.111	555.556	0.600529	-0.57094
95	191	316.667	278.687	6	518.545	602.593	524.444	762.222	521.111	-234.444	478.889	-244.444	762.222	0.320865	-207.765
112	38	110.556	110.743	111.111	106.805	646.296	582.222	784.444	572.222	-192.222	414.444	-222.222	784.444	0.271659	-203.882
206	133	0.055556	0.136083	0.055556	0.136083	0.37037	0	111.111	0	-111.111	222.222	-111.111	111.111	1	-20.944
222	145	0	0	0	0	0	0	0	0	0	0	0	0	0	0
217	208	2.5	216.667	266.667	244.445	160.741	126.667	144.444	211.111	-102.222	-488.889	151.111	211.111	0.40213	231.093
189	187	122.222	10.037	305.556	238.902	485.185	441.111	598.889	415.556	-132.222	341.111	-208.889	598.889	0.305755	-194.747
222	93	172.222	0.062963	0.166667	0.033333	244.444	1	544.444	0.888889	-433.333	9	-466.667	544.444	0.878395	-207.507
97	130	0.722222	0.507407	105.556	0.685185	585.185	733.333	688.889	333.333	444.444	311.111	-755.556	766.667	0.570106	-0.963048
21	64	162.778	129.485	202.222	176.291	31	246.667	38	303.333	-19	21	-2	38	0.400746	-259.382
96	193	133.333	111.555	183.333	184.692	627.037	547.778	787.778	545.556	-237.778	482.222	-244.444	787.778	0.310288	-208.494
41	150	177.778	194.074	216.667	1.5	207.407	162.222	292.222	167.778	-135.556	254.444	-118.889	292.222	0.441573	-213.488
154	120	0.444444	0.02963	0.444445	0.118518	596.296	777.778	677.778	333.333	544.444	244.444	-788.889	777.778	0.569444	-0.820403
137	66	261.111	304.074	294.444	388.518	284.074	253.333	382.222	216.667	-922.222	294.444	-202.222	382.222	0.430558	-184.499
46	238	105.556	0.827759	216.667	18.227	132.593	966.667	126.667	174.444	-107.778	-177.778	125.556	174.444	0.445509	250.823
254	159	355.556	754.074	148.333	152.7	366.296	313.333	462.222	323.333	-158.889	287.778	-128.889	462.222	0.294845	-231.687
175	14	0.888888	0.807371	122.222	0.779361	113.815	100.111	132.111	109.222	-411.111	548.889	-137.778	132.111	0.24216	-239.111
243	48	122.222	0.207406	127.778	126.297	134.852	127.556	146.111	130.889	-218.889	337.778	-118.889	146.111	0.126968	-227.843
223	175	377.778	312.457	716.667	468.923	578.519	507.778	727.778	50	-212.222	447.778	-235.556	727.778	0.312834	-205.935
252	176	188.889	114.827	505.556	285.514	529.259	463.333	67	454.444	-197.778	422.222	-224.444	67	0.32042	-205.164
186	218	116.667	0.744444	116.667	0.655555	137.037	106.667	126.667	177.778	-911.111	-311.111	122.222	177.778	0.401347	238.268
107	21	0.666662	0.516398	116.667	0.408248	126.778	115.778	141.889	122.667	-33	453.333	-123.333	141.889	0.184022	-237.037
84	51	177.778	162.963	266.667	0.888889	257.407	226.667	351.111	194.444	-922.222	281.111	-188.889	351.111	0.446118	-187.303
156	32	0.777774	0.162964	261.111	104.074	136.296	129.778	146.333	132.778	-195.556	301.111	-105.556	146.333	0.113055	-228.076
14	135	0.277778	0.062963	0.277778	0.062963	288.889	166.667	6	1	-366.667	933.333	-566.667	6	0.832275	-195.855
142	183	1	0.869228	155.556	148.574	431.852	402.222	52	373.333	-888.889	264.444	-175.556	52	0.28154	-188.773
191	47	0.444445	0.385188	111.111	0.38519	135.741	129	146.333	131.889	-202.222	317.778	-115.556	146.333	0.118399	-226.255
113	128	0.222222	0.074074	0.388889	0.151852	0.740741	0	222.222	0	-222.222	444.444	-222.222	222.222	1	-20.944
228	114	0.388889	0.062963	0.833333	0.122222	588.889	7	744.444	322.222	333.333	466.667	-8	744.444	0.56746	-115.184
14	60	0.555555	0.785184	105.556	0.062963	193.333	188.889	247.778	143.333	-133.333	163.333	-15	247.778	0.419248	-162.339
241	145	0	0	0	0	0	0	0	0	0	0	0	0	0	0
199	97	272.222	125.462	0.5	0.182574	478.148	46	541.111	433.333	-544.444	188.889	-134.444	541.111	0.199351	-183.678
228	90	183.333	220.857	222.222	246.456	168.519	128.889	244.444	132.222	-118.889	227.778	-108.889	244.444	0.475549	-212.273
151	187	122.222	0.740741	205.556	104.074	116.296	933.333	966.667	158.889	-688.889	-588.889	127.778	158.889	0.428363	215.664
237	83	0.722222	0.418518	583.333	209.222	988.889	6	17	666.667	-116.667	213.333	-966.667	17	0.676581	-215.026
8	226	288.889	198.513	111.111	0.45542	18	14	157.778	242.222	-12	-666.667	186.667	242.222	0.424404	227.303
37	120	0.833333	0.344444	105.556	0.462963	192.593	0.222222	444.444	111.111	-511.111	755.556	-244.444	444.444	0.962963	-229.808
45	108	25.5	127.954	272.778	15.931	498.148	417.778	611.111	465.556	-241.111	338.889	-977.778	611.111	0.358975	-236.049
23	219	1.5	100.554	172.222	0.928957	133.704	108.889	12	172.222	-744.444	-411.111	115.556	172.222	0.371914	225.533
44	157	0.833334	0.3	294.444	761.852	242.963	192.222	242.222	294.444	-152.222	-0.222222	154.444	294.444	0.350043	26.043
61	92	127.778	106.284	0.555555	0.620633	172.593	128.889	257.778	131.111	-131.111	255.556	-124.444	257.778	0.499695	-211.184
102	179	183.333	153.116	244.444	188.168	491.852	448.889	597.778	428.889	-128.889	317.778	-188.889	597.778	0.282687	-19.704
221	107	116.667	0.211111	0.833333	0.344444	222.222	0.333333	533.333	1	-566.667	933.333	-366.667	533.333	0.94709	-222.635
168	187	3.5	216.795	283.333	160.208	58	525.556	714.444	50	-163.333	403.333	-24	714.444	0.29965	-196.667
42	56	105.556	0.951851	133.333	1.6	227.407	211.111	302.222	168.889	-488.889	224.444	-175.556	302.222	0.440708	-175.941
98	133	0.555555	0.172133	0.388889	0.327731	0.962963	0	277.778	0.111111	-288.889	544.444	-255.556	277.778	1	-212.325
196	95	172.222	112.382	133.333	126.491	762.963	677.778	107.778	533.333	-255.556	944.444	-688.889	107.778	0.512566	-174.926
226	141	0.5	0.433333	0.777778	0.385185	540.741	7	622.222	3	477.778	244.444	-722.222	7	0.574074	-0.843732
71	113	0.722222	0.240741	0.722222	0.151852	548.148	711.111	633.333	3	488.889	255.556	-744.444	711.111	0.580026	-0.851202
144	169	111.111	0.779364	138.889	0.742867	171.111	134.444	18	198.889	-11	266.667	833.333	198.889	0.324965	283.482
16	51	0.722223	0.443054	0.833335	0.722649	122.963	110.667	140.778	117.444	-368.889	534.444	-165.556	140.778	0.213813	-233.046
124	29	1	0.711108	105.555	0.907417	128.444	119.222	142.889	123.222	-276.667	433.333	-156.667	142.889	0.165616	-227.113
158	151	0.388889	0.389682	444.444	404.237	19	152.222	183.333	234.444	-113.333	-2	133.333	234.444	0.352606	250.525
189	107	266.667	0.699206	0.833333	0.72265	277.778	234.444	351.111	247.778	-13	22	-9	351.111	0.332407	-22.015
239	122	0.277778	0.062963	0.333333	0.177778	555.556	7	666.667	3	433.333	333.333	-766.667	722.222	0.581349	-0.953435
104	103	0.944445	0.534027	0.666667	0.596285	588.889	522.222	726.667	517.778	-20	413.333	-213.333	726.667	0.287394	-207.113
138	188	205.556	135.674	111.111	0.750309	603.333	535.556	748.889	525.556	-203.333	436.667	-233.333	748.889	0.299511	-204.721
33	131	0.444444	0.807373	1	109.545	0.740741	0.222222	177.778	0.222222	-155.556	311.111	-155.556	177.778	0.407407	-20.944
233	105	627.778	231.341	0.944445	0.742867	151.852	126.667	197.778	131.111	-755.556	137.778	-622.222	197.778	0.353768	-216.157
143	20	111.112	0.75031	127.778	0.928959	127.333	116.778	142.667	122.556	-316.667	46	-143.333	142.667	0.181475	-232.692
28	188	144.444	14.963	511.111	190.074	29.963	268.889	364.444	265.556	-922.222	194.444	-102.222	364.444	0.275863	-208.357
210	73	133.333	0.966091	1	0.816495	422.593	405.556	473.333	388.889	-511.111	152.222	-101.111	473.333	0.178226	-189.349
5	118	0.222222	0.074074	0.333333	0.088889	0.925926	0	255.556	0.222222	-277.778	488.889	-211.111	255.556	1	-217.128
228	22	111.111	0.860663	138.889	0.975629	496.667	427.778	628.889	433.333	-206.667	396.667	-19	628.889	0.319474	-212.354
166	154	0.111111	0.02963	0.444444	0.074074	0.703704	0.222222	188.889	0	-144.444	355.556	-211.111	188.889	1	-201.751
38	200	344.444	212.568	344.445	120.493	55.963	49	702.222	486.667	-208.889	427.778	-218.889	702.222	0.309826	-208.021
104	139	0.333333	0.516398	0.333333	0.516398	0.666667	0	177.778	0.222222	-2	333.333	-133.333	177.778	1	-215.073
18	142	0.777778	0.651852	0.277778	0.151852	0.555556	0.111111	133.333	0.222222	-133.333	233.333	-1	133.333	0.416667	-215.956
245	18	1	102.222	116.667	0.211111	137.889	131.444	147.889	134.333	-193.333	30	-106.667	147.889	0.111218	-227.511
204	194	261.111	192.546	511.111	341.673	41.037	37	497.778	363.333	-121.111	262.222	-141.111	497.778	0.275415	-20.452
29	81	261.111	375.185	272.222	375.185	204.815	201.111	261.111	152.222	-111.111	168.889	-157.778	261.111	0.412662	-156.634
80	116	1.5	163.333	155.556	0.874074	217.037	212.222	275.556	163.333	-144.444	175.556	-161.111	275.556	0.407364	-163.224
112	120	133.333	103.279	222.222	170.837	215.556	175.556	286.667	184.444	-12	213.333	-933.333	286.667	0.38675	-217.742
244	194	172.222	114.342	227.778	203.761	497.407	444.444	616.667	431.111	-158.889	357.778	-198.889	616.667	0.300853	-202.184
101	72	2.5	474.444	177.778	629.629	264.815	235.556	357.778	201.111	-877.778	278.889	-191.111	357.778	0.436895	-184.616
188	73	105.556	0.928958	227.778	199.351	401.852	356.667	497.778	351.111	-135.556	287.778	-152.222	497.778	0.297096	-205.496
86	33	116.667	0.611111	0.611109	0.196295	109.889	967.778	130.556	102.333	-393.333	62	-226.667	130.556	0.258604	-226.623
184	44	0.500001	0.122222	1	0.755557	99	85	121.444	905.556	-42	673.333	-253.333	121.444	0.300019	-225.454
207	217	0.777778	0.474074	205.556	0.907408	62.963	5	422.222	966.667	-388.889	-622.222	101.111	966.667	0.582612	197.614
27	106	0.611111	0.418518	127.778	0.596296	218.519	0.333333	488.889	133.333	-555.556	811.111	-255.556	488.889	0.95172	-227.407
138	49	105.556	0.92896	177.778	106.805	124.037	113.111	140.444	118.556	-327.778	492.222	-164.444	140.444	0.194622	-230.341
74	129	0.222222	0.02963	0.111111	0.02963	0.518518	0	155.556	0	-155.556	311.111	-155.556	155.556	1	-20.944
4	188	155.556	0.688531	233.333	0.760116	157.407	133.333	14	198.889	-722.222	-522.222	124.444	198.889	0.342408	220.467
170	139	105.556	0.507408	0.722222	0.285185	418.518	188.889	855.556	211.111	-688.889	131.111	-622.222	855.556	0.786175	-212.759
37	61	0.611111	0.490653	0.555556	0.272164	109.074	951.111	128.333	103.778	-418.889	577.778	-158.889	128.333	0.258869	-23.674
92	44	0.722223	0.574135	116.667	104.881	123.815	113.444	138.111	119.889	-311.111	428.889	-117.778	138.111	0.178428	-236.728
143	186	233.333	2.319	277.778	252.689	54.963	491.111	678.889	478.889	-175.556	387.778	-212.222	678.889	0.296251	-202.862
45	149	2.5	332.222	0.666666	0.266666	168.148	134.444	237.778	132.222	-101.111	208.889	-107.778	237.778	0.453341	-206.925
170	62	0	0	0	0	0	0	0	0	0	0	0	0	0	0
1	45	0.888891	0.455421	111.111	0.455419	122.852	110.556	140	118	-368.889	514.444	-145.556	140	0.210174	-235.936
114	193	316.667	246.532	4.5	250.111	578.148	511.111	725.556	497.778	-201.111	442.222	-241.111	725.556	0.314092	-20.338
69	85	311.111	820.741	394.444	944.074	214.444	204.444	281.111	157.778	-3	20	-17	281.111	0.437404	-165.988
104	124	0.611111	0.151852	0.666667	0.311111	618.518	766.667	733.333	355.556	444.444	344.444	-788.889	788.889	0.550044	-0.95784
75	98	394.444	458.407	466.667	392.889	551.852	233.333	104.444	377.778	-955.556	147.778	-522.222	104.444	0.872146	-227.297
116	125	283.333	0.722649	205.555	0.574133	609.259	525.556	764.444	537.778	-251.111	465.556	-214.444	764.444	0.317206	-214.505
63	201	144.444	0.918519	0.944444	0.551852	777.778	622.222	555.556	115.556	-466.667	-666.667	113.333	115.556	0.543201	198.299
57	118	283.333	5.5	122.222	0.874073	194.074	155.556	265.556	161.111	-115.556	214.444	-988.889	265.556	0.418712	-214.718
167	189	377.778	223.772	377.778	154.441	584.074	513.333	724.444	514.444	-212.222	421.111	-208.889	724.444	0.295523	-210.133
67	61	105.556	0.507407	0.833333	0.388889	237.407	226.667	306.667	178.889	-322.222	207.778	-175.556	306.667	0.415751	-170.091
235	81	138.889	0.418518	0.777778	0.296296	348.148	1	744.444	2	-744.444	118.889	-444.444	744.444	0.881217	-224.813
33	114	0.555555	0.074074	0.5	0.211111	161.111	117.778	241.111	124.444	-13	24	-11	241.111	0.510924	-214.907
140	116	177.778	122.323	0.555555	0.501848	468.148	423.333	565.556	415.556	-134.444	292.222	-157.778	565.556	0.264563	-203.862
75	65	2.5	111.056	155.556	0.93492	577.407	504.444	726.667	501.111	-218.889	447.778	-228.889	726.667	0.314783	-207.765
39	111	0.722222	0.374074	0.888889	0.429629	603.704	7	766.667	344.444	288.889	488.889	-777.778	788.889	0.562919	-117.577
214	236	0.5	0.255556	377.778	136.296	165.926	128.889	146.667	222.222	-111.111	-577.778	168.889	222.222	0.419597	230.668
15	189	1.5	0.922221	2	288.889	321.111	283.333	403.333	276.667	-113.333	246.667	-133.333	403.333	0.315363	-203.798
58	232	2.5	145.555	255.556	0.829629	147.037	112.222	135.556	193.333	-104.444	-344.444	138.889	193.333	0.423483	240.285
121	107	155.556	0.874075	131.667	55.889	54	494.444	644.444	481.111	-136.667	313.333	-176.667	644.444	0.252669	-200.361
123	94	0.500001	0.077778	0.833333	0.033333	214.444	168.889	304.444	17	-136.667	27	-133.333	304.444	0.452182	-210.097
26	67	1	0.88889	244.444	318.518	20	195.556	258.889	145.556	-133.333	176.667	-163.333	258.889	0.436939	-16.232
130	145	0	0	0	0	0	0	0	0	0	0	0	0	0	0
33	98	0.611111	0.611616	133.333	0.918937	203.704	0.555556	355.556	2	-444.444	455.556	-0.111111	355.556	0.883333	-25.489
28	204	2	176.383	322.222	208.344	558.889	497.778	692.222	486.667	-183.333	40	-216.667	692.222	0.29685	-203.737
173	90	0.666667	0.266666	0.833333	0.344444	235.185	173.333	344.444	187.778	-185.556	327.778	-142.222	344.444	0.496719	-218.244
24	172	116.667	0.91287	977.778	545.554	42.037	38	503.333	377.778	-121.111	248.889	-127.778	503.333	0.249836	-214.372
23	129	0.5	0.077778	0.388889	0.151852	0.518518	0	155.556	0	-155.556	311.111	-155.556	155.556	0.777778	-20.944
48	139	244.444	168.215	183.333	104.881	482.222	425.556	604.444	416.667	-17	366.667	-196.667	604.444	0.310818	-204.424
68	122	277.778	202.941	155.556	199.629	201.481	142.222	311.111	151.111	-177.778	328.889	-151.111	311.111	0.54583	-206.017
130	32	111.111	104.704	0.833334	0.836659	594.815	542.222	708.889	533.333	-157.778	342.222	-184.444	708.889	0.249001	-204.242
55	209	183.333	129.529	138.889	0.998146	125.185	103.333	103.333	168.889	-655.556	-655.556	131.111	168.889	0.407904	209.922
79	28	427.778	37.619	0.833333	0.658281	624.074	534.444	791.111	546.667	-268.889	501.111	-232.222	791.111	0.324556	-214.451
18	90	105.556	0.374074	0.666667	0.222222	281.481	0.555556	688.889	1	-677.778	122.222	-544.444	688.889	0.926146	-216.432
187	180	405.556	298.453	333.333	319.722	620.741	548.889	775.556	537.778	-215.556	464.444	-248.889	775.556	0.306906	-204.418
38	146	0.5	0.122222	0.666667	0.266667	511.111	566.667	677.778	288.889	166.667	5	-666.667	688.889	0.571429	-125.836
147	51	116.667	1.1	1.5	194.444	126.333	117	140.222	121.778	-28	416.667	-136.667	140.222	0.165549	-230.669
235	22	116.667	0.388882	1	0.488884	137.63	132.111	147.889	132.889	-165.556	307.778	-142.222	147.889	0.109655	-21.462
205	190	127.778	0.998145	161.111	112.382	494.815	447.778	606.667	43	-141.111	335.556	-194.444	606.667	0.290788	-19.876
85	200	4.5	432.435	605.556	432.777	585.926	522.222	726.667	508.889	-191.111	422.222	-231.111	726.667	0.300181	-202.885
2	89	122.222	176.296	255.556	34.963	18.963	187.778	238.889	142.222	-0.555556	147.778	-142.222	238.889	0.402507	-154.421
151	163	205.556	228.519	181.667	419.889	40	345.556	48	374.444	-163.333	24	-766.667	481.111	0.263846	-251.749
254	159	355.556	754.074	148.333	152.7	366.296	313.333	462.222	323.333	-158.889	287.778	-128.889	462.222	0.294845	-231.687
33	104	155.556	0.962963	305.556	504.074	201.852	202.222	248.889	154.444	0.111111	141.111	-142.222	248.889	0.380367	-155.538
214	161	372.222	0.729634	11.5	189.222	404.444	353.333	496.667	363.333	-153.333	276.667	-123.333	496.667	0.298056	-219.894
245	140	0.166667	0.278887	0.611111	0.742867	0.407407	0.222222	0.777778	0.222222	-0.555556	111.111	-0.555556	0.777778	0.240741	-20.944
249	207	272.222	0.928957	0.888889	0.272165	121.481	955.556	103.333	165.556	-777.778	-544.444	132.222	165.556	0.432389	221.726
191	165	0.333333	0.177778	244.444	114.074	142.963	12	141.111	167.778	-688.889	-0.555556	744.444	175.556	0.318129	259.354
187	36	0.388889	0.250924	0.5	0.278887	751.852	477.778	13	477.778	-822.222	164.444	-822.222	13	0.648657	-209.729
198	183	105.555	118.165	338.889	159.745	54.037	488.889	665.556	466.667	-154.444	375.556	-221.111	665.556	0.298622	-197.496
136	92	805.555	447.741	1	0.177777	154.074	116.667	226.667	118.889	-112.222	217.778	-105.556	226.667	0.53355	-211.327
1	189	138.889	0.462963	123.889	845.963	235.926	211.111	293.333	203.333	-744.444	172.222	-977.778	293.333	0.233097	-201.975
122	11	1	0.311116	288.889	505.185	143.444	136.889	150.889	142.556	-196.667	223.333	-266.667	150.889	0.092773	-252.165
34	169	0.833333	0.505525	161.111	0.879815	128.148	106.667	977.778	18	-644.444	-911.111	155.556	18	0.463569	199.318
8	162	161.111	206.296	0.333333	0.133333	837.037	666.667	12	644.444	-511.111	108.889	-577.778	12	0.484805	-204.495
201	92	0.833335	0.211111	0.77778	0.296297	903.333	748.889	115.444	806.667	-463.333	753.333	-29	115.444	0.35122	-22.428
169	136	0.277778	0.062963	0.833333	0.211111	207.407	0.666667	488.889	0.666667	-422.222	844.444	-422.222	488.889	0.877513	-20.944
174	50	1	0.760115	0.944445	0.952579	107.444	946.667	125.778	101.889	-383.333	55	-166.667	125.778	0.247337	-23.373
70	71	211.111	180.741	283.333	207.778	227.778	218.889	296.667	167.778	-266.667	206.667	-18	296.667	0.43357	-166.796
118	167	0.888889	0.518518	205.556	0.996296	145.926	128.889	137.778	171.111	-511.111	-244.444	755.556	171.111	0.248449	230.573
116	245	138.889	0.551851	222.222	394.074	142.222	111.111	131.111	184.444	-933.333	-333.333	126.667	184.444	0.389695	239.543
199	120	3.5	407.778	833.333	539.556	393.333	354.444	477.778	347.778	-116.667	253.333	-136.667	477.778	0.272752	-204.675
121	62	0.555556	0.207408	111.111	0.562963	125.407	116.333	138.778	121.111	-272.222	401.111	-128.889	138.778	0.161658	-231.596
234	58	116.667	0.388888	1	0.533334	931.482	773.333	118.778	833.333	-474.444	768.889	-294.444	118.778	0.348863	-224.632
21	123	0.888888	0.385186	1	0.355555	192.963	156.667	263.333	158.889	-108.889	211.111	-102.222	263.333	0.408913	-211.573
93	29	122.222	122.964	138.889	157.408	128.481	119	142.778	123.667	-284.444	428.889	-144.444	142.778	0.166484	-229.776
86	136	388.889	419.347	211.111	239.134	121.852	666.667	208.889	9	-165.556	261.111	-955.556	208.889	0.695755	-226.899
204	12	0.777777	0.518519	177.778	0.785183	127.444	115.556	143.111	123.667	-356.667	47	-113.333	143.111	0.19252	-240.292
151	163	205.556	228.519	181.667	419.889	40	345.556	48	374.444	-163.333	24	-766.667	481.111	0.263846	-251.749
250	87	0.722222	0.240741	0.611111	0.374074	111.481	666.667	195.556	722.222	-134.444	252.222	-117.778	195.556	0.659329	-213.862
252	27	127.778	0.596293	0.999997	0.577774	136.296	130.333	145.556	133	-178.889	277.778	-988.889	145.556	0.10447	-226.413
170	88	0.722222	0.389681	0.833333	0.459468	223.333	182.222	293.333	194.444	-123.333	21	-866.667	293.333	0.378615	-220.829
111	246	316.667	209.497	583.333	411.366	258.889	211.111	224.444	341.111	-143.333	-103.333	246.667	341.111	0.388973	221.401
212	48	0.555555	0.251852	0.555555	0.074074	122.37	112.222	138.111	116.778	-304.444	472.222	-167.778	138.111	0.187362	-22.786
137	163	144.444	0.785186	188.889	554.076	392.963	337.778	475.556	365.556	-165.556	247.778	-822.222	475.556	0.284813	-239.521
223	141	211.111	180.741	0.777778	0.162963	985.185	6	165.556	7	-115.556	201.111	-855.556	165.556	0.640224	-219.166
73	31	0.555556	0.45542	0.888889	0.344265	126.852	115.556	143.111	121.889	-338.889	487.778	-148.889	143.111	0.192456	-233.483
75	131	0.222222	0.02963	0.333333	0.044444	0.518518	0	155.556	0	-155.556	311.111	-155.556	155.556	1	-20.944
173	93	0	0	0	0	0	0	0	0	0	0	0	0	0	0
176	132	0.5	0.122222	0.944444	0.32963	574.074	744.444	622.222	355.556	511.111	144.444	-655.556	755.556	0.529982	-0.726018
174	96	222.222	0.68853	0.944444	0.879816	551.481	541.111	61	503.333	-311.111	175.556	-144.444	61	0.174579	-172.047
153	192	338.889	178.159	744.444	413.477	534.444	473.333	65	48	-183.333	346.667	-163.333	65	0.272721	-21.642
231	91	0.5	0.278887	0.555555	0.172133	6	455.556	977.778	366.667	-433.333	113.333	-7	977.778	0.620651	-193.491
158	186	0.888889	0.340741	1.5	181.111	120.741	933.333	107.778	161.111	-822.222	-388.889	121.111	161.111	0.428864	231.952
79	104	0.944445	0.374074	1.5	101.111	652.963	597.778	78	581.111	-165.556	381.111	-215.556	78	0.254697	-200.783
184	197	305.556	32.552	455.556	274.604	11.963	888.889	955.556	174.444	-922.222	-722.222	164.444	174.444	0.515187	216.426
225	90	0.388889	0.250924	0.555556	0.45542	659.259	466.667	112.222	388.889	-577.778	138.889	-811.111	112.222	0.651153	-198.747
131	125	0.611111	0.374074	0.5	0.3	137.037	0	388.889	0.222222	-411.111	755.556	-344.444	388.889	1	-213.034
25	116	0.944445	0.151852	477.778	30.963	161.852	17	20	115.556	244.444	114.444	-138.889	212.222	0.447187	-116.284
170	121	216.667	183.485	272.222	192.546	323.704	286.667	405.556	278.889	-111.111	245.556	-134.444	405.556	0.313427	-202.427
140	161	0.277778	0.327731	0.777778	0.620633	157.407	124.444	143.333	204.444	-988.889	-422.222	141.111	204.444	0.390957	234.513
59	87	111.667	848.778	132.222	700.296	171.111	122.222	234.444	156.667	-146.667	19	-433.333	234.444	0.652043	-241.807
209	249	244.444	362.963	277.778	420.741	105.185	755.556	811.111	158.889	-888.889	-722.222	161.111	158.889	0.533307	215.678
97	176	0.777778	0.655461	238.889	130.668	221.852	19	197.778	277.778	-955.556	-722.222	167.778	277.778	0.316041	217.984
80	95	122.222	100.741	0.944444	0.551851	214.074	213.333	266.667	162.222	-0.222222	157.778	-155.556	266.667	0.390436	-156.733
59	99	0.777778	0.82963	1	0.355556	203.704	0.111111	555.556	0.444444	-577.778	105.556	-477.778	555.556	0.986111	-214.974
7	90	127.778	0.854184	244.444	201.843	466.667	255.556	577.778	566.667	-633.333	333.333	3	622.222	0.665344	-304.418
140	19	105.555	0.551851	188.889	198.518	110.296	976.667	130.222	103	-378.889	597.778	-218.889	130.222	0.249895	-226.433
209	249	244.444	238.519	288.889	380.741	855.556	8	755.556	101.111	-166.667	-3	466.667	101.111	0.309022	191.742
104	112	0.611111	0.250924	105.556	0.712325	591.481	522.222	733.333	518.889	-207.778	425.556	-217.778	733.333	0.293681	-207.846
98	104	222.222	362.963	1.5	132.222	187.037	192.222	232.222	136.667	155.556	135.556	-151.111	232.222	0.410009	-144.664
36	145	0.277778	0.196296	127.778	206.296	0.851852	0.333333	144.444	0.777778	-155.556	177.778	-0.222222	144.444	0.251852	-253.095
20	117	0	0	0	0	0	0	0	0	0	0	0	0	0	0
207	58	0.777777	0.344266	0.888888	0.583728	110.37	976.667	128.111	105.333	-381.111	532.222	-151.111	128.111	0.237567	-235.727
230	180	111.111	0.518518	194.444	126.296	138.519	966.667	131.111	187.778	-125.556	-222.222	147.778	187.778	0.486883	248.792
54	91	144.444	154.074	0.833333	0.255556	325.926	0.555556	8	122.222	-811.111	142.222	-611.111	8	0.944811	-218.672
162	66	205.556	0.95258	922.222	707.316	425.926	41	477.778	39	-477.778	155.556	-107.778	477.778	0.184999	-183.808
191	101	111.111	0.779363	111.111	118.634	45.037	39	571.111	39	-181.111	362.222	-181.111	571.111	0.322733	-20.943
208	154	116.667	125.867	0.944444	0.685184	87.037	588.889	138.889	633.333	-844.444	155.556	-711.111	138.889	0.771517	-206.692
173	158	188.889	367.407	116.667	0.477778	837.037	711.111	117.778	622.222	-377.778	102.222	-644.444	117.778	0.472975	-190.465
137	92	738.889	73.799	0.777778	0.344265	996.296	711.111	155.556	722.222	-855.556	167.778	-822.222	155.556	0.608437	-20.967
150	113	0.5	0.255556	0.777778	0.207407	559.259	711.111	666.667	3	455.556	322.222	-777.778	711.111	0.579365	-0.942558
141	17	372.222	44.493	5	2.319	445.926	403.333	54	394.444	-127.778	282.222	-154.444	54	0.268186	-203.005
123	194	255.556	178.471	911.111	771.338	608.148	543.333	748.889	532.222	-194.444	422.222	-227.778	748.889	0.292382	-203.361
31	42	127.778	0.685184	0.944444	0.774073	127.037	117	141.778	122.333	-301.111	442.222	-141.111	141.778	0.174634	-231.442
43	141	0.444444	0.172133	0.166667	0.182574	0.777778	0	233.333	0	-233.333	466.667	-233.333	233.333	1	-20.944
240	192	238.889	0.64693	438.889	23.797	45.963	405.556	581.111	392.222	-162.222	364.444	-202.222	581.111	0.325608	-201.658
168	184	466.667	152.023	583.333	181.046	482.593	438.889	586.667	422.222	-131.111	312.222	-181.111	586.667	0.278195	-198.678
32	173	172.222	178.159	9	674.949	435.926	395.556	528.889	383.333	-121.111	278.889	-157.778	528.889	0.266914	-199.886
5	92	133.333	0.488889	216.667	127.778	187.037	187.778	237.778	135.556	0.222222	152.222	-154.444	237.778	0.42886	-15.483
77	78	222.222	234.074	2	586.667	245.926	24	312.222	185.556	-177.778	198.889	-181.111	312.222	0.401965	-161.045
36	207	272.222	317.921	644.444	280.211	568.148	504.444	701.111	498.889	-191.111	398.889	-207.778	701.111	0.290668	-206.272
205	194	161.111	120.031	538.889	304.351	412.963	371.111	504.444	363.333	-125.556	274.444	-148.889	504.444	0.28056	-203.757
92	89	2	126.491	122.222	0.958392	589.259	51	744.444	513.333	-237.778	465.556	-227.778	744.444	0.317871	-210.876
149	185	155.556	106.805	305.556	192.546	493.333	453.333	595.556	431.111	-12	306.667	-186.667	595.556	0.275889	-195.277
42	63	1.5	1.1	194.444	246.296	223.704	203.333	296.667	171.111	-611.111	218.889	-157.778	296.667	0.422651	-181.389
83	83	0.777779	0.785184	166.667	311.111	498.519	46	595.556	44	-115.556	291.111	-175.556	595.556	0.260605	-195.852
157	85	122.222	124.127	0.222222	0.172133	189.259	145.556	268.889	153.333	-131.111	238.889	-107.778	268.889	0.459024	-216.091
30	102	122.222	0.118518	133.333	0.8	202.593	203.333	25	154.444	0.222222	142.222	-144.444	25	0.381059	-15.551
174	113	2.5	101.111	1	0.933333	317.778	244.444	437.778	271.111	-22	36	-14	437.778	0.441507	-22.388
251	215	1.5	203.333	277.778	251.852	124.074	922.222	115.556	164.444	-955.556	-255.556	121.111	164.444	0.441049	243.782
145	185	277.778	22.575	222.222	195.126	562.593	498.889	698.889	49	-191.111	408.889	-217.778	698.889	0.302283	-205.106
210	153	0	0	0	0	0	0	0	0	0	0	0	0	0	0
13	73	138.889	0.72963	261.111	312.963	190.741	192.222	241.111	138.889	0.444444	151.111	-155.556	241.111	0.421504	-152.425
238	55	0.722224	0.490652	1	0.557774	113.667	101	132.222	107.778	-38	556.667	-176.667	132.222	0.235894	-23.197
7	114	116.667	0.788889	211.111	127.407	145.185	161.111	171.111	103.333	477.778	777.778	-125.556	174.444	0.408644	-117.935
35	67	266.667	113.529	383.333	194.079	106.074	921.111	125.556	100.556	-418.889	584.444	-165.556	125.556	0.26644	-235.734
183	182	283.333	209.497	355.556	256.183	58.963	528.889	733.333	506.667	-182.222	431.111	-248.889	733.333	0.308825	-199.205
201	161	255.556	0.518519	11.5	966.555	418.148	357.778	514.444	382.222	-181.111	288.889	-107.778	514.444	0.302983	-233.897
79	44	488.889	320.185	211.111	112.875	586.667	501.111	755.556	503.333	-256.667	506.667	-25	755.556	0.339917	-210.265
68	115	333.333	310.555	272.222	279.218	26.037	184.444	39	206.667	-227.778	388.889	-161.111	39	0.523538	-209.065
45	205	194.445	219.511	333.333	252.982	502.593	448.889	617.778	441.111	-161.111	345.556	-184.444	617.778	0.287573	-204.465
36	243	188.889	185.185	2	0.71111	133.333	988.889	121.111	18	-103.333	-366.667	14	18	0.452229	236.831
241	76	0.833332	0.211114	133.333	0.71111	900.741	745.556	116.556	791.111	-465.556	794.444	-328.889	116.556	0.360194	-220.802
137	105	107.222	165.074	312.222	650.43	428.519	357.778	526.667	401.111	-212.222	294.444	-822.222	526.667	0.37578	-238.024
182	39	5.5	573.779	0.611111	0.879815	951.852	733.333	143.333	688.889	-655.556	144.444	-788.889	143.333	0.576021	-203.623
6	54	0.611109	0.107408	0.944444	0.551855	116.778	109.111	132.444	108.778	-23	47	-24	132.444	0.181149	-207.915
60	116	0.722223	0.389682	0.777777	0.344266	234.074	193.333	314.444	194.444	-122.222	241.111	-118.889	314.444	0.392149	-210.498
10	223	1.5	106.979	355.556	294.895	15.037	137.778	128.889	184.444	-377.778	-644.444	102.222	184.444	0.330665	191.095
248	200	138.889	0.952579	177.778	116.746	461.111	413.333	565.556	404.444	-143.333	313.333	-17	565.556	0.286663	-203.802
150	158	216.667	163.333	138.889	0.418518	844.444	7	122.222	611.111	-433.333	113.333	-7	122.222	0.503086	-194.345
75	49	0.833336	0.388888	116.667	0.700002	127.407	117	143.111	122.111	-312.222	471.111	-158.889	143.111	0.182398	-229.784
160	187	261.111	193.697	511.111	353.815	494.815	446.667	608.889	428.889	-144.444	342.222	-197.778	608.889	0.297341	-199.063
83	143	127.778	110.387	122.222	0.544331	503.704	43	647.778	433.333	-221.111	432.222	-211.111	647.778	0.341229	-2.109
86	74	133.333	155.556	0.666667	0.133333	224.074	216.667	288.889	166.667	-222.222	194.444	-172.222	288.889	0.422206	-164.667
177	76	138.889	135.674	15	114.814	298.148	286.667	334.444	273.333	-344.444	108.889	-744.444	334.444	0.200662	-190.362
105	193	322.222	190.516	288.889	217.733	601.111	531.111	751.111	521.111	-21	45	-24	751.111	0.308465	-204.777
183	153	5	122.667	3	688.889	28	213.333	387.778	238.889	-20	323.333	-123.333	387.778	0.447745	-224.274
18	66	866.667	908.968	109.444	528.905	398.889	323.333	495.556	377.778	-226.667	29	-633.333	495.556	0.350169	-243.063
127	118	115.556	10.23	0.833334	0.691215	343.333	307.778	416.667	305.556	-106.667	22	-113.333	416.667	0.293949	-207.767
252	181	1	0.632456	205.556	203.761	162.963	135.556	138.889	214.444	-822.222	-722.222	154.444	214.444	0.385555	214.143
103	125	0.944445	0.827759	0.833333	0.691215	177.778	0.444444	388.889	1	-4	633.333	-233.333	388.889	0.923809	-223.756
12	154	322.222	305.185	233.333	3.2	197.037	148.889	285.556	156.667	-144.444	265.556	-121.111	285.556	0.479715	-214.253
248	53	0.722229	0.285188	0.833333	0.700008	134.778	128.222	145.778	130.333	-196.667	33	-133.333	145.778	0.121119	-221.749
173	113	0.5	0.3	133.333	106.667	133.111	124.667	145.667	129	-253.333	376.667	-123.333	145.667	0.144134	-230.955
68	107	111.111	314.074	111.111	256.296	177.778	0.222222	455.556	0.555556	-466.667	833.333	-366.667	455.556	0.981482	-214.653
211	139	0.333333	0.088889	0.277778	0.062963	522.222	322.222	955.556	288.889	-6	13	-7	955.556	0.696605	-204.457
9	92	138.889	241.852	2.5	0.877778	190.741	187.778	241.111	143.333	-0.888889	151.111	-142.222	241.111	0.401025	-157.059
5	101	233.333	231.111	177.778	0.607407	169.259	183.333	198.889	125.556	422.222	888.889	-131.111	202.222	0.376852	-121.111
88	91	105.556	0.827758	0.722221	0.772203	104.889	925.556	123.444	986.667	-37	556.667	-186.667	123.444	0.250204	-230.049
27	62	111.111	0.562964	166.667	133.334	125.333	115.778	139.444	120.778	-286.667	423.333	-136.667	139.444	0.169635	-231.423
14	120	0.333333	0.133333	0.444444	0.296296	159.259	0	388.889	0.888889	-477.778	688.889	-211.111	388.889	1	-231.572
254	73	666.667	786.554	944.444	12.33	347.037	205.556	573.333	262.222	-424.444	678.889	-254.444	573.333	0.651133	-225.556
83	96	0.5	0.459468	0.666666	0.516398	195.926	152.222	284.444	151.111	-131.111	265.556	-134.444	284.444	0.472764	-208.608
158	154	0.944444	108.355	0.222222	0.403687	0.62963	0.444444	122.222	0.222222	-0.555556	177.778	-122.222	122.222	0.277778	-186.115
238	73	227.778	140.502	1.5	0.781736	435.185	387.778	53	387.778	-142.222	284.444	-142.222	53	0.274334	-209.641
162	190	305.556	106.284	611.111	52.182	573.333	51	70	51	-19	38	-19	70	0.279561	-211.209
129	157	244.444	354.074	222.222	171.852	231.481	182.222	32	192.222	-147.778	265.556	-117.778	32	0.430239	-216.937
186	12	0.444444	0.272165	233.333	196.638	625.926	388.889	113.333	355.556	-711.111	152.222	-811.111	113.333	0.687302	-205.798
123	68	0.944444	0.574135	0.722224	0.574134	107.37	942.222	126.333	101.556	-394.444	568.889	-174.444	126.333	0.25416	-233.321
14	146	0.888889	0.474074	111.111	0.740741	105.926	8	156.667	811.111	-777.778	152.222	-744.444	156.667	0.487864	-210.891
84	62	0.722222	0.490653	0.944443	0.772202	61.037	534.444	762.222	534.444	-227.778	455.556	-227.778	762.222	0.303179	-209.374
228	143	0.5	0.344444	0.666667	0.311111	52.963	666.667	622.222	3	411.111	277.778	-688.889	677.778	0.556437	-0.914813
183	66	127.778	0.82776	255.556	189.346	421.111	415.556	458.889	388.889	-166.667	113.333	-966.667	458.889	0.152009	-168.385
29	66	255.556	216.296	216.667	514.445	226.296	212.222	298.889	167.778	-422.222	217.778	-175.556	298.889	0.438246	-173.354
80	77	138.889	106.284	0.666667	0.557774	591.111	511.111	74	522.222	-24	446.667	-206.667	74	0.31069	-214.305
51	111	162.222	164.434	0.444445	0.344265	341.111	303.333	422.222	297.778	-113.333	243.333	-13	422.222	0.290355	-200.574
42	244	111.111	14.707	111.111	125.904	128.148	955.556	116.667	172.222	-977.778	-344.444	132.222	172.222	0.446035	239.174
35	96	211.111	100.741	283.333	385.555	217.407	207.778	277.778	166.667	-288.889	181.111	-152.222	277.778	0.399499	-167.692
191	162	261.111	188.518	141.667	210.922	40.963	348.889	501.111	378.889	-182.222	274.444	-922.222	506.667	0.298124	-255.568
23	85	144.444	105.185	177.778	0.962963	17.963	188.889	218.889	131.111	277.778	117.778	-145.556	218.889	0.399751	-138.687
69	68	0.833332	0.862812	0.777777	0.583729	562.963	492.222	71	486.667	-212.222	441.111	-228.889	71	0.316026	-206.954
77	185	294.444	766.296	622.222	321.185	325.556	292.222	396.667	287.778	-10	213.333	-113.333	396.667	0.27036	-208.527
35	76	777.778	192.207	783.333	201.722	135.185	844.444	194.444	126.667	-152.222	177.778	-255.556	194.444	0.637421	-252.332
253	201	3	269.155	283.333	233.571	43.963	392.222	538.889	387.778	-142.222	297.778	-155.556	538.889	0.28083	-206.786
65	176	288.889	14.707	1.5	116.905	497.407	452.222	61	43	-135.556	337.778	-202.222	61	0.294787	-19.657
209	122	0.833333	0.077778	114.444	908.296	392.222	357.778	475.556	343.333	-103.333	25	-146.667	475.556	0.282411	-198.503
226	90	0.777778	0.620633	0.388889	0.250924	718.518	511.111	121.111	433.333	-622.222	147.778	-855.556	121.111	0.641018	-198.955
76	19	0.944444	0.443052	0.888888	0.58373	114.259	101	132.333	109.444	-397.778	542.222	-144.444	132.333	0.236733	-237.598
231	13	127.778	0.574135	1	105.409	118.667	106.556	135.778	113.667	-363.333	513.333	-15	135.778	0.215088	-23.519
142	112	105.556	0.490653	0.555555	0.344265	288.519	245.556	362.222	257.778	-128.889	221.111	-922.222	362.222	0.32175	-220.016
72	191	127.778	0.507408	311.111	460.741	151.852	121.111	148.889	185.556	-922.222	-0.888889	101.111	185.556	0.35037	254.533
160	41	0.833333	0.809664	0.222222	0.172133	0.703704	0.555556	122.222	0.333333	-0.444444	155.556	-111.111	122.222	0.537037	-184.512
20	70	11.5	8.768	794.444	69.167	185.926	136.667	238.889	182.222	-147.778	158.889	-111.111	238.889	0.476884	-258.911
2	96	383.333	132.778	233.333	751.111	522.222	211.111	977.778	377.778	-933.333	136.667	-433.333	977.778	0.824784	-233.069
231	160	261.111	824.074	131.667	139.856	408.889	341.111	517.778	367.778	-203.333	326.667	-123.333	517.778	0.339618	-233.584
83	54	0.777776	0.720081	0.666667	0.557772	109.963	975.556	127.444	104.889	-372.222	524.444	-152.222	127.444	0.234504	-235.118
86	193	327.778	165.216	222.222	180.944	614.074	536.667	765.556	54	-232.222	454.444	-222.222	765.556	0.299579	-210.937
140	73	172.222	0.82776	0.777777	10.037	462.963	456.667	511.111	421.111	-188.889	144.444	-125.556	511.111	0.176156	-168.159
42	57	138.889	0.975628	0.999999	0.365148	657.037	594.444	794.444	582.222	-187.778	412.222	-224.444	794.444	0.266776	-20.307
63	220	305.556	15.263	366.667	608.889	818.519	655.556	644.444	115.556	-488.889	-522.222	101.111	115.556	0.486717	209.315
198	148	166.667	0.843274	111.111	0.981307	177.778	111.111	322.222	1	-2	433.333	-233.333	322.222	0.612963	-204.515
94	140	0.166667	0.033333	0.333333	0.044444	303.704	177.778	611.111	122.222	-377.778	922.222	-544.444	611.111	0.797884	-198.577
16	128	0.5	0.077778	0.666667	0.311111	555.556	688.889	666.667	311.111	4	333.333	-733.333	711.111	0.561508	-0.985811
200	31	211.111	122.323	505.556	267.845	112.593	833.333	165.556	888.889	-877.778	158.889	-711.111	165.556	0.500944	-217.195
47	96	0.944445	0.574134	0.833333	0.752772	619.259	544.444	77	543.333	-224.444	452.222	-227.778	77	0.297221	-208.911
81	79	0.444445	0.074074	0.888889	0.651853	458.148	428.889	538.889	406.667	-877.778	242.222	-154.444	538.889	0.245206	-191.889
35	42	105.556	0.151851	138.889	0.507407	225.926	20	311.111	166.667	-777.778	255.556	-177.778	311.111	0.462752	-184.249
38	94	138.889	104.172	0.888888	0.779363	681.111	611.111	826.667	605.556	-21	436.667	-226.667	826.667	0.267258	-206.854
237	191	1	0.311111	1.5	101.111	733.333	533.333	544.444	112.222	-6	-566.667	116.667	112.222	0.53582	212.242
101	80	355.556	185.185	3	386.667	248.148	243.333	315.556	185.556	-144.444	202.222	-187.778	315.556	0.412094	-162.045
68	103	0.666667	0.577778	111.111	0.962963	214.815	0.111111	566.667	0.666667	-611.111	105.556	-444.444	566.667	0.987654	-218.547
189	144	0	0	0	0	0	0	0	0	0	0	0	0	0	0
80	72	122.222	10.037	144.444	116.746	59	513.333	744.444	512.222	-23	463.333	-233.333	744.444	0.314606	-209.022
26	137	0.055556	0.018519	0.111111	0.02963	0.259259	0	0.777778	0	-0.777778	155.556	-0.777778	0.777778	0.777778	-20.944
145	33	0.888889	0.272163	0.888888	0.620634	124.556	113.222	140.889	119.556	-34	49	-15	140.889	0.196297	-233.354
140	103	216.667	341.111	183.333	216.667	218.519	212.222	28	163.333	-188.889	184.444	-165.556	28	0.416239	-16.344
197	58	0.833335	0.62361	144.444	10.037	122.259	110.444	138.778	117.556	-354.444	495.556	-141.111	138.778	0.204147	-235.727
244	134	211.111	112.875	1	0.730296	447.037	371.111	582.222	387.778	-227.778	405.556	-177.778	582.222	0.361284	-217.535
67	194	372.222	149.691	644.444	396.466	588.148	517.778	725.556	521.111	-211.111	412.222	-201.111	725.556	0.286791	-211.294
114	242	272.222	245.327	466.667	192.065	240.741	192.222	224.444	305.556	-145.556	-488.889	194.444	305.556	0.371695	239.578
2	245	188.889	216.296	316.667	327.778	640.741	622.222	6	7	-0.555556	-122.222	177.778	722.222	0.191049	175.665
204	25	0.611111	0.329628	0.833333	0.477775	102.481	88	125.667	937.778	-434.444	695.556	-261.111	125.667	0.299583	-225.341
234	161	0.888889	0.501849	161.111	140.502	19.037	151.111	17	25	-117.778	-611.111	178.889	25	0.395599	229.274
192	162	238.889	21.963	149.444	219.574	404.444	344.444	494.444	374.444	-18	27	-9	503.333	0.307814	-257.363
242	183	1.5	0.936898	216.667	179.815	153.704	126.667	124.444	21	-811.111	-877.778	168.889	21	0.420244	207.587
189	184	166.667	0.843274	277.778	200.739	505.926	458.889	623.333	435.556	-141.111	352.222	-211.111	623.333	0.300945	-196.448
193	35	0.277779	0.285183	0.722221	0.285183	136.481	131.222	146.222	132	-157.778	292.222	-134.444	146.222	0.103336	-214.684
221	201	144.444	112.875	244.444	0.834444	191.481	146.667	176.667	251.111	-134.444	-444.444	178.889	251.111	0.416762	238.975
156	79	194.444	245.327	477.778	348.754	141.852	105.556	205.556	114.444	-108.889	191.111	-822.222	205.556	0.485044	-217.584
229	102	0.888889	0.720082	794.444	542.593	427.778	37	544.444	368.889	-173.333	35	-176.667	544.444	0.318271	-208.858
142	33	0.499999	0.623609	0.500001	0.349603	110.593	967.778	128.667	106.333	-414.444	542.222	-127.778	128.667	0.247776	-240.802
92	104	172.222	14.363	183.333	137.841	100.519	872.222	119.889	944.444	-398.889	581.111	-182.222	119.889	0.272403	-23.262
107	191	372.222	299.938	288.889	278.621	62.037	544.444	781.111	535.556	-227.778	482.222	-254.444	781.111	0.314683	-205.611
6	120	0.333333	0.088889	0.5	0.077778	114.815	0.222222	3	0.222222	-277.778	555.556	-277.778	3	1	-205.729
194	72	1	0.399998	116.667	114.444	934.444	792.222	117.111	84	-426.667	71	-283.333	117.111	0.323421	-222.578
80	87	243.889	572.996	447.222	1386.33	674.444	587.778	79	645.556	-26	346.667	-866.667	79	0.306281	-242.213
189	115	0.166667	0.033333	0.333333	0.133333	666.667	822.222	788.889	388.889	466.667	366.667	-833.333	844.444	0.53858	-0.965144
22	200	288.889	240.986	483.333	262.255	547.037	478.889	69	472.222	-204.444	428.889	-224.444	69	0.317362	-206.566
222	114	0.277778	0.062963	0.444444	0.074074	544.444	611.111	733.333	288.889	2	566.667	-766.667	733.333	0.603175	-131.453
200	245	1.5	0.922223	105.556	0.507408	161.111	118.889	15	214.444	-126.667	-333.333	16	214.444	0.44538	243.278
229	175	116.667	0.522223	566.667	261.333	33	29	41	29	-12	24	-12	41	0.286834	-209.121
78	99	161.111	801.852	305.556	147.741	414.815	111.111	9	233.333	-911.111	145.556	-544.444	9	0.9109	-225.567
112	197	422.222	299.382	494.444	312.279	503.333	446.667	622.222	441.111	-17	356.667	-186.667	622.222	0.296328	-207.122
118	111	122.222	104.704	0.555555	0.272165	622.593	564.444	753.333	55	-174.444	392.222	-217.778	753.333	0.269218	-201.413
125	56	266.667	364.444	272.222	157.407	286.296	261.111	376.667	221.111	-755.556	271.111	-195.556	376.667	0.41394	-181.991
228	123	0.166667	0.077778	0.444444	0.207407	0.703704	0	2	0.111111	-211.111	388.889	-177.778	2	1	-212.325
232	175	116.667	0.62361	283.333	216.795	153.704	124.444	135.556	201.111	-877.778	-544.444	142.222	201.111	0.387412	22.422
29	52	0.388889	0.018518	133.333	0.177779	125.778	115.556	140.222	121.556	-306.667	433.333	-126.667	140.222	0.175849	-234.849
47	209	172.222	128.956	138.889	0.928958	116.296	955.556	922.222	161.111	-622.222	-722.222	134.444	161.111	0.464325	206.095
58	58	0.555556	0.403686	0.888891	0.860663	123	112.556	137.444	119	-313.333	433.333	-12	137.444	0.180972	-236.538
92	68	105.556	0.151852	0.777779	0.651852	125.778	115.667	141	120.667	-303.333	456.667	-153.333	141	0.179629	-230.062
223	190	2	10.328	205.556	146.692	468.889	42	577.778	408.889	-146.667	326.667	-18	577.778	0.292226	-202.513
34	196	138.889	201.852	238.889	121.852	157.037	124.444	151.111	195.556	-977.778	-177.778	115.556	195.556	0.365232	251.177
63	13	0.611115	0.196294	116.667	101.111	132.259	122.778	145.444	128.556	-284.444	395.556	-111.111	145.444	0.155825	-236.043
237	191	1	0.311111	1.5	101.111	733.333	533.333	544.444	112.222	-6	-566.667	116.667	112.222	0.53582	212.242
167	190	305.556	0.854184	505.556	278.422	510.741	448.889	632.222	451.111	-185.556	364.444	-178.889	632.222	0.298958	-211.269
178	122	0.555555	0.118518	0.777778	0.118519	585.185	733.333	688.889	333.333	444.444	311.111	-755.556	744.444	0.549603	-0.942559
82	138	0.888889	0.518518	0.888889	0.385185	140.741	0	377.778	0.444444	-422.222	711.111	-288.889	377.778	1	-217.396
164	45	105.556	0.596299	1	0.222219	101.926	881.111	124.556	931.111	-414.444	678.889	-264.444	124.556	0.292503	-223.832
11	108	133.333	0.8	138.889	0.951852	176.667	19	211.111	128.889	4	103.333	-143.333	211.111	0.388756	-130.213
119	169	116.667	0.983192	1	0.918936	25.963	208.889	25	32	-152.222	-288.889	181.111	32	0.347783	247.906
121	82	0.555556	0.344266	0.611111	0.443054	106.519	928.889	125.889	100.778	-408.889	581.111	-172.222	125.889	0.262093	-234.487
231	198	1	0.133333	111.111	122.963	158.148	124.444	142.222	207.778	-101.111	-477.778	148.889	207.778	0.400903	232.489
20	134	0.666667	0.088889	0.611111	0.240741	296.296	111.111	644.444	133.333	-555.556	104.444	-488.889	644.444	0.829233	-213.309
88	211	138.889	0.879815	244.444	145.551	108.148	888.889	766.667	158.889	-577.778	-944.444	152.222	158.889	0.524328	194.083
202	193	111.111	0.750308	338.889	248.924	417.037	378.889	506.667	365.556	-114.444	268.889	-154.444	506.667	0.278387	-1.993
238	61	0.666667	0.471405	0.722222	0.490653	877.778	588.889	143.333	611.111	-866.667	166.667	-8	143.333	0.588823	-212.184
19	184	0.555555	0.344265	0.833333	0.62361	142.222	123.333	11	193.333	-566.667	-966.667	153.333	193.333	0.431152	193.789
185	84	0.611111	0.490653	0.499999	0.459468	232.593	186.667	313.333	197.778	-137.778	242.222	-104.444	313.333	0.404099	-218.486
135	104	0.944445	0.107409	2	0.711111	636.296	582.222	765.556	561.111	-162.222	387.778	-225.556	765.556	0.267219	-198.657
86	155	427.778	105.519	538.889	602.407	874.074	666.667	128.889	666.667	-622.222	124.444	-622.222	128.889	0.392385	-20.793
64	49	0.944447	0.240742	0.722225	0.41852	108.889	971.111	128.889	100.667	-353.333	60	-246.667	128.889	0.246491	-221.166
199	100	238.889	144.074	244.444	602.963	607.407	277.778	115.556	388.889	-988.889	164.444	-655.556	115.556	0.773815	-222.625
216	169	0.833333	0.388889	194.444	0.418518	165.926	127.778	156.667	213.333	-114.444	-277.778	142.222	213.333	0.400756	244.578
120	102	0.777778	0.162964	0.666667	0.177779	634.815	567.778	771.111	565.556	-201.111	408.889	-207.778	771.111	0.26938	-208.304
181	27	0.722221	0.462964	0.5	0.255555	138.074	132.556	146.556	135.111	-165.556	254.444	-888.889	146.556	0.096263	-226.453
196	95	172.222	112.382	133.333	126.491	762.963	677.778	107.778	533.333	-255.556	944.444	-688.889	107.778	0.512566	-174.926
142	111	111.111	0.45542	0.555555	0.344265	287.407	245.556	358.889	257.778	-125.556	214.444	-888.889	358.889	0.315484	-220.267
7	154	305.555	383.213	383.333	217.818	507.037	445.556	64	435.556	-184.444	398.889	-214.444	64	0.321345	-203.308
52	196	144.444	132.777	677.778	418.817	460.741	404.444	571.111	406.667	-168.889	331.111	-162.222	571.111	0.294045	-210.568
14	71	130.556	103.825	218.889	165.364	318.519	255.556	402.222	297.778	-188.889	251.111	-622.222	402.222	0.395671	-240.182
8	199	166.667	0.788811	138.889	0.712325	15	133.333	117.778	198.889	-5	-966.667	146.667	198.889	0.408885	19.053
121	60	227.778	232.963	288.889	287.407	267.407	246.667	352.222	203.333	-622.222	254.444	-192.222	352.222	0.4223	-177.611
122	11	1	0.311116	288.889	505.185	143.444	136.889	150.889	142.556	-196.667	223.333	-266.667	150.889	0.092773	-252.165
37	130	0.777778	0.962963	127.778	0.951852	162.963	111.111	3	0.777778	-155.556	411.111	-255.556	3	0.855556	-195.982
18	43	188.889	177.221	155.556	122.323	647.037	548.889	825.556	566.667	-294.444	535.556	-241.111	825.556	0.335115	-216.055
43	137	0.166667	0.077778	138.889	175.185	166.667	0.666667	377.778	0.555556	-3	633.333	-333.333	377.778	0.917989	-207.124
38	112	0.555556	0.385185	1	0.088889	622.222	7	811.111	355.556	233.333	566.667	-8	811.111	0.559171	-127.399
69	139	283.333	177.326	211.111	166.889	180.741	16	225.556	156.667	-622.222	134.444	-722.222	238.889	0.386612	-170.283
66	109	0.833332	0.809666	1	0.843276	102.481	894.444	122.222	957.778	-391.111	592.222	-201.111	122.222	0.268118	-229.755
181	15	0.833336	0.211111	144.444	122.963	140.296	133.889	149.556	137.444	-192.222	277.778	-855.556	149.556	0.104639	-233.056
84	86	0.833335	0.691214	116.667	0.691214	105.778	928.889	124.111	100.333	-386.667	55	-163.333	124.111	0.251552	-234.379
162	14	0.944445	0.53403	0.611113	0.712327	112.741	99	130.667	108.556	-412.222	537.778	-125.556	130.667	0.242294	-240.897
20	170	0.777778	0.785184	111.111	0.562962	195.556	151.111	188.889	246.667	-133.333	-2	153.333	246.667	0.387467	250.439
6	118	0.055556	0.136083	0.055556	0.136083	0.037037	0	0.111111	0	-0.111111	0.222222	-0.111111	0.111111	0.111111	-20.944
47	119	227.778	227.466	133.333	138.243	437.037	211.111	677.778	422.222	-677.778	722.222	-0.444444	677.778	0.732926	-258.723
187	120	222.222	208.345	127.778	0.646929	60.037	568.889	693.333	538.889	-944.444	278.889	-184.444	693.333	0.222808	-189.298
86	67	1	0.622222	105.556	0.685185	108.852	994.444	125.556	101.556	-282.222	501.111	-218.889	125.556	0.207702	-21.731
172	31	0.722221	0.418517	0.666664	0.71111	136.407	130.778	145.444	133	-168.889	271.111	-102.222	145.444	0.10071	-22.515
222	62	0.277778	0.250924	0.666667	0.557773	640.741	411.111	114.444	366.667	-688.889	151.111	-822.222	114.444	0.680808	-203.415
123	136	0.555555	10.963	0.666667	133.333	111.111	0.111111	3	0.222222	-3	566.667	-266.667	3	0.986111	-211.097
141	31	144.444	0.385183	122.222	118.518	126.815	117.111	141.222	122.111	-291.111	432.222	-141.111	141.222	0.170718	-231.077
166	185	194.444	0.250924	2	0.210818	542.222	485.556	672.222	468.889	-17	39	-22	672.222	0.302539	-200.801
109	111	144.444	108.866	1.5	147.196	577.778	513.333	716.667	503.333	-193.333	416.667	-223.333	716.667	0.298892	-204.516
98	119	144.444	0.518519	255.556	558.518	215.926	213.333	273.333	161.111	-0.777778	172.222	-164.444	273.333	0.408211	-157.896
204	116	105.556	126.296	105.556	144.074	218.519	0.333333	511.111	111.111	-555.556	877.778	-322.222	511.111	0.96142	-224.908
183	111	0.666667	0.311111	105.556	0.507407	57.037	688.889	7	322.222	355.556	388.889	-744.444	733.333	0.566138	-106.507
209	11	0.833333	0.255559	216.667	385.555	141.556	135.111	150.111	139.444	-193.333	256.667	-633.333	150.111	0.099836	-240.159
131	208	138.889	0.418519	0.611111	0.240741	161.852	127.778	15	207.778	-102.222	-355.556	137.778	207.778	0.383167	2.392
35	135	0.222222	0.118519	0.222222	0.118519	0.222222	0	0.666667	0	-0.666667	133.333	-0.666667	0.666667	0.333333	-20.944
73	117	155.556	0.962964	0.611111	0.774074	133.333	0.222222	355.556	0.222222	-333.333	666.667	-333.333	355.556	0.968254	-20.944
73	201	0.722223	0.64693	444.444	245.553	587.037	528.889	722.222	51	-174.444	405.556	-231.111	722.222	0.294187	-199.774
240	75	292.222	749.763	102.222	990.963	38.037	297.778	506.667	336.667	-247.778	378.889	-131.111	506.667	0.464912	-228.419
86	187	111.111	0.720082	144.444	0.750309	137.407	116.667	103.333	192.222	-622.222	-102.222	164.444	192.222	0.463329	194.146
103	216	1.5	0.566667	0.833333	118.889	707.407	511.111	5	111.111	-588.889	-622.222	121.111	111.111	0.593124	20.793
44	233	222.222	214.649	211.111	132.777	144.815	125.556	113.333	195.556	-577.778	-944.444	152.222	195.556	0.422174	19.504
108	123	0.611111	0.240741	0.666667	0.266667	674.074	822.222	8	4	444.444	377.778	-822.222	844.444	0.524471	-0.985729
166	66	0.777777	0.655461	527.778	495.947	416.296	405.556	463.333	38	-322.222	141.111	-108.889	463.333	0.178875	-174.855
92	46	0.611112	0.240742	111.111	100.741	107.519	938.889	128.889	997.778	-408.889	641.111	-232.222	128.889	0.271501	-227.085
217	45	0.888888	0.207408	155.556	0.829628	121.519	111.111	137.333	116.111	-312.222	474.444	-162.222	137.333	0.190912	-229.267
75	240	244.444	195.126	211.111	136.083	211.481	17	178.889	285.556	-124.444	-977.778	222.222	285.556	0.417218	217.552
76	249	205.556	206.296	233.333	551.111	133.704	122.222	131.111	147.778	-344.444	-0.777778	422.222	15	0.203249	256.344
67	40	0.666665	0.516397	0.666667	0.699204	110.037	953.333	129	105.778	-441.111	568.889	-127.778	129	0.260966	-241.946
134	191	138.889	130.668	144.444	108.866	616.667	547.778	766.667	535.556	-206.667	45	-243.333	766.667	0.302994	-204.128
117	44	127.778	0.240742	133.333	0.31111	106	93	126.778	982.222	-39	623.333	-233.333	126.778	0.266391	-225.558
189	79	272.222	232.963	133.333	0.755556	414.074	38	496.667	365.556	-102.222	247.778	-145.556	496.667	0.265535	-198.458
98	135	0.611111	0.151852	105.556	0.374074	57.037	744.444	644.444	322.222	522.222	222.222	-744.444	744.444	0.565476	-0.787376
31	62	183.333	0.833334	183.333	0.966668	211.852	205.556	272.222	157.778	-188.889	181.111	-162.222	272.222	0.419469	-165.012
156	188	427.778	231.341	5	374.759	612.593	551.111	756.667	53	-184.444	432.222	-247.778	756.667	0.300242	-199.775
226	176	305.555	327.561	238.889	287.067	569.259	504.444	714.444	488.889	-194.444	435.556	-241.111	714.444	0.315862	-202.178
106	65	222.222	165.552	227.778	0.827759	606.296	536.667	745.556	536.667	-208.889	417.778	-208.889	745.556	0.287325	-209.104
40	17	127.778	0.95258	144.445	110.889	705.185	624.444	865.556	625.556	-242.222	481.111	-238.889	865.556	0.286238	-209.852
191	101	111.111	0.779363	111.111	118.634	45.037	39	571.111	39	-181.111	362.222	-181.111	571.111	0.322733	-20.943
94	67	255.556	336.296	155.556	118.519	237.407	228.889	307.778	175.556	-255.556	211.111	-185.556	307.778	0.429897	-167.017
176	187	177.778	160.093	233.333	20.221	547.778	49	68	473.333	-173.333	396.667	-223.333	68	0.304126	-200.961
42	135	0.388889	0.151852	0.444444	0.162963	240.741	133.333	511.111	0.777778	-322.222	811.111	-488.889	511.111	0.849735	-197.219
193	142	0.388889	0.062963	172.222	0.151852	481.482	677.778	522.222	244.444	588.889	122.222	-711.111	677.778	0.646164	-0.675123
68	135	0.833333	0.477778	0.333333	0.266667	622.222	4	104.444	422.222	-666.667	126.667	-6	104.444	0.617593	-212.552
242	89	0.5	0.477778	0.944445	0.551852	181.481	0.777778	411.111	0.555556	-311.111	688.889	-377.778	411.111	0.896296	-204.226
215	235	138.889	106.284	105.556	0.490653	918.519	677.778	8	127.778	-722.222	-355.556	107.778	127.778	0.482192	231.076
132	134	266.667	315.556	1.5	154.444	618.518	222.222	114.444	488.889	-118.889	157.778	-388.889	114.444	0.833935	-238.661
134	187	188.889	151.535	211.111	178.471	593.704	526.667	741.111	513.333	-201.111	442.222	-241.111	741.111	0.307458	-203.348
18	90	105.556	0.374074	0.666667	0.222222	281.481	0.555556	688.889	1	-677.778	122.222	-544.444	688.889	0.926146	-216.432
59	141	238.889	15.408	216.667	127.802	126.667	788.889	185.556	115.556	-143.333	176.667	-333.333	185.556	0.585775	-245.157
219	176	211.111	185.792	511.111	284.149	602.963	533.333	756.667	518.889	-208.889	461.111	-252.222	756.667	0.314462	-203.065
51	64	17.5	120.646	0.666667	0.699206	40	352.222	501.111	346.667	-143.333	303.333	-16	501.111	0.310101	-203.027
24	205	222.222	158.699	238.889	248.924	560.741	497.778	697.778	486.667	-188.889	411.111	-222.222	697.778	0.303912	-203.826
84	200	472.222	270.322	2.5	153.116	566.667	506.667	702.222	491.111	-18	406.667	-226.667	702.222	0.300817	-201.537
22	57	0.888888	0.740742	0.666665	0.488889	126.111	115.778	140.444	122.111	-31	43	-12	140.444	0.175605	-236.251
174	188	288.889	288.033	361.111	223.524	504.074	454.444	62	437.778	-148.889	347.778	-198.889	62	0.293991	-199.507
57	199	383.333	264.785	638.889	346.677	54.963	478.889	692.222	477.778	-212.222	427.778	-215.556	692.222	0.317006	-208.475
68	198	288.889	288.033	305.556	287.067	580.741	514.444	718.889	508.889	-198.889	414.444	-215.556	718.889	0.291301	-206.489
32	95	127.778	104.074	222.222	30.963	314.815	0.777778	744.444	122.222	-711.111	128.889	-577.778	744.444	0.919597	-215.196
134	194	261.111	121.868	522.222	443.555	58.963	528.889	715.556	524.444	-182.222	377.778	-195.556	715.556	0.273444	-208.189
132	84	3	122.927	0.888889	0.45542	888.889	733.333	117.778	755.556	-466.667	866.667	-4	117.778	0.380483	-213.694
77	36	0.555556	0.172137	105.556	0.64693	111.926	982.222	130.333	107.222	-411.111	552.222	-141.111	130.333	0.24634	-238.738
54	91	144.444	154.074	0.833333	0.255556	325.926	0.555556	8	122.222	-811.111	142.222	-611.111	8	0.944811	-218.672
140	125	0.666667	0.222222	266.667	377.778	392.593	155.556	777.778	244.444	-711.111	115.556	-444.444	777.778	0.853199	-223.424
218	115	0.944444	0.534027	0.388889	0.389682	22.963	194.444	294.444	20	-105.556	194.444	-888.889	294.444	0.339149	-214.867
198	127	244.444	438.519	855.556	595.408	407.407	38	482.222	36	-822.222	224.444	-142.222	482.222	0.248999	-190.835
151	114	0.611111	0.196296	1	0.533333	622.222	755.556	744.444	366.667	4	366.667	-766.667	788.889	0.537919	-10.108
236	42	0.722224	0.462963	138.889	144.075	135.296	128.111	146.444	131.333	-215.556	334.444	-118.889	146.444	0.125137	-228.222
37	165	238.889	81.074	164.444	238.963	358.148	307.778	428.889	337.778	-151.111	212.222	-611.111	428.889	0.273647	-247.015
6	51	166.667	2	161.111	210.741	195.926	187.778	256.667	143.333	-244.444	182.222	-157.778	256.667	0.442861	-168.129
70	60	0.944445	13.963	216.667	136.667	237.778	224.444	31	178.889	-4	216.667	-176.667	31	0.420823	-171.313
238	180	0.555556	0.340741	172.222	166.296	135.926	111.111	118.889	177.778	-744.444	-511.111	125.556	177.778	0.376253	22.129
183	139	0.166667	0.182574	0.222222	0.272166	137.037	0.888889	322.222	0	-144.444	555.556	-411.111	322.222	1	-180.307
193	66	138.889	144.074	0.888888	0.607411	951.111	806.667	118.778	858.889	-433.333	71	-276.667	118.778	0.320664	-22.357
111	235	161.111	130.741	272.222	255.185	156.296	117.778	158.889	192.222	-115.556	0.777778	107.778	192.222	0.388096	267.077
120	51	105.555	0.712324	205.555	0.742867	124.407	113.222	141.111	118.889	-335.556	501.111	-165.556	141.111	0.197569	-230.531
106	107	111.111	0.720082	0.666667	0.421637	225.556	13	36	186.667	-286.667	403.333	-116.667	36	0.638541	-235.462
236	38	133.333	149.071	294.444	229.411	144.444	101.111	22	112.222	-13	226.667	-966.667	22	0.547232	-21.931
4	210	472.222	401.894	572.222	218.497	497.407	442.222	622.222	427.778	-165.556	374.444	-208.889	622.222	0.314278	-201.443
205	190	127.778	0.998145	161.111	112.382	494.815	447.778	606.667	43	-141.111	335.556	-194.444	606.667	0.290788	-19.876
79	28	427.778	37.619	0.833333	0.658281	624.074	534.444	791.111	546.667	-268.889	501.111	-232.222	791.111	0.324556	-214.451
247	115	355.556	180.944	138.889	130.668	288.519	248.889	367.778	248.889	-118.889	237.778	-118.889	367.778	0.331663	-209.439
55	80	183.333	4.3	183.333	1.1	707.407	288.889	124.444	588.889	-125.556	161.111	-355.556	124.444	0.775282	-241.752
112	201	283.333	129.529	311.111	178.471	212.963	166.667	203.333	268.889	-138.889	-288.889	167.778	268.889	0.381912	246.794
196	124	0.222222	0.02963	0.833333	0.388889	622.222	755.556	744.444	366.667	4	366.667	-766.667	8	0.542108	-101.148
187	80	133.333	0.711111	133.333	0.711109	405.185	377.778	476.667	361.111	-822.222	214.444	-132.222	476.667	0.24473	-19.427
54	133	155.556	100.741	0.5	0.344444	537.037	366.667	9	344.444	-511.111	108.889	-577.778	9	0.630471	-2.048
226	83	0.888889	0.518519	105.555	0.507406	906.296	745.556	116.889	804.444	-482.222	787.778	-305.556	116.889	0.362062	-223.905
55	108	638.889	225.074	338.889	101.074	866.667	511.111	141.111	677.778	-106.667	163.333	-566.667	141.111	0.705482	-227.555
20	137	0.111111	0.02963	0.277778	0.018519	0.222222	0	0.666667	0	-0.666667	133.333	-0.666667	0.666667	0.666667	-20.944
48	173	116.667	106.979	144.444	164.204	192.222	164.444	164.444	247.778	-833.333	-833.333	166.667	247.778	0.349656	209.956
44	162	0.888888	0.455421	194.444	135.674	245.185	195.556	241.111	298.889	-148.889	-122.222	161.111	298.889	0.347032	255.739
139	185	2	0.632455	122.222	190.516	591.481	522.222	734.444	517.778	-207.778	428.889	-221.111	734.444	0.29644	-207.387
238	211	105.556	0.490654	161.111	125.462	205.185	161.111	192.222	262.222	-132.222	-388.889	171.111	262.222	0.385282	241.635
182	186	366.667	204.396	177.778	124.127	484.444	437.778	598.889	416.667	-14	343.333	-203.333	598.889	0.304522	-197.306
146	124	0.5	0.166667	0.388889	0.107407	603.704	744.444	733.333	333.333	422.222	388.889	-811.111	766.667	0.563492	-102.473
47	189	227.778	455.185	588.889	146.074	296.296	267.778	365.556	255.556	-855.556	207.778	-122.222	365.556	0.297413	-195.457
208	65	138.889	123.678	264.444	255.375	567.037	526.667	644.444	53	-121.111	232.222	-111.111	644.444	0.19713	-197.081
95	47	0.72222	0.32963	1.5	0.477777	107.111	932.222	128.778	993.333	-416.667	65	-233.333	128.778	0.275957	-227.107
180	116	294.445	16.113	133.333	0.816497	331.852	291.111	416.667	287.778	-122.222	254.444	-132.222	416.667	0.309461	-206.811
52	170	0.555556	0.45542	0.944444	0.389683	254.444	201.111	253.333	308.889	-16	-0.333333	163.333	308.889	0.349112	260.401
18	13	0.888891	0.207407	111.111	0.162961	140.259	134.333	149.111	137.333	-177.778	265.556	-877.778	149.111	0.09906	-229.238
45	108	25.5	127.954	272.778	15.931	498.148	417.778	611.111	465.556	-241.111	338.889	-977.778	611.111	0.358975	-236.049
174	152	0	0	0	0	0	0	0	0	0	0	0	0	0	0
173	219	277.778	34.963	283.333	661.111	559.259	411.111	433.333	833.333	-444.444	-377.778	822.222	833.333	0.561254	214.836
59	96	0.611111	0.418521	0.611112	0.240741	111.593	103.444	128.111	103.222	-244.444	495.556	-251.111	128.111	0.197734	-208.595
177	85	0.833333	0.166668	0.888888	0.429629	935.556	792.222	118	834.444	-43	733.333	-303.333	118	0.328603	-220.841
247	197	0.333333	0.044444	0.611111	0.062963	6	411.111	4	988.889	-566.667	-6	116.667	988.889	0.617059	207.496
99	130	0.555555	0.45542	0.555555	0.544331	137.037	0.111111	333.333	0.666667	-377.778	588.889	-211.111	333.333	0.977778	-223.903
187	162	1.5	114.444	116.667	731.111	432.222	367.778	536.667	392.222	-193.333	313.333	-12	536.667	0.300182	-239.168
173	152	0.222222	0.02963	0.833333	0.166667	359.259	266.667	577.778	233.333	-277.778	655.556	-377.778	577.778	0.599735	-19.978
222	54	116.667	0.166667	1	0.844443	134.333	127.556	145.556	129.889	-203.333	336.667	-133.333	145.556	0.124312	-223.156
213	14	105.556	0.574134	166.667	133.333	117	104.222	134.111	112.667	-383.333	513.333	-13	134.111	0.222856	-239.038
23	85	144.444	105.185	177.778	0.962963	17.963	188.889	218.889	131.111	277.778	117.778	-145.556	218.889	0.399751	-138.687
120	74	0.333335	0.088889	0.500001	0.077778	101.852	891.111	123.222	932.222	-382.222	641.111	-258.889	123.222	0.276784	-222.055
40	142	0.277778	0.136083	0.222222	0.172133	122.222	0.111111	355.556	0	-333.333	7	-366.667	355.556	1	-205.616
141	68	144.444	100.741	216.667	0.877779	271.852	242.222	368.889	204.444	-888.889	291.111	-202.222	368.889	0.445652	-184.852
178	183	272.222	23.983	466.667	369.985	557.407	496.667	696.667	478.889	-182.222	417.778	-235.556	696.667	0.312366	-20.052
182	152	0.777778	0.981307	0.833333	109.036	0.777778	0.333333	166.667	0.333333	-133.333	266.667	-133.333	166.667	0.705556	-20.944
58	128	294.444	175.647	244.444	168.215	164.815	101.111	258.889	134.444	-191.111	282.222	-911.111	258.889	0.613385	-23.163
249	58	133.333	0.942809	0.277778	0.327731	885.185	6	145.556	6	-855.556	171.111	-855.556	145.556	0.607768	-208.534
217	23	105.555	0.611616	116.667	0.547723	124.444	111.889	141.667	119.778	-376.667	516.667	-14	141.667	0.210162	-237.055
84	40	116.666	0.166667	122.222	211.851	127.407	117.444	142.222	122.556	-298.889	444.444	-145.556	142.222	0.174209	-230.877
178	43	116.667	1.1	111.111	0.740737	125.259	115.667	140.222	119.889	-287.778	448.889	-161.111	140.222	0.174948	-227.065
94	224	138.889	184.074	0.944444	0.551852	134.444	10	118.889	184.444	-103.333	-466.667	15	184.444	0.457643	232.811
122	106	161.111	0.596296	161.111	272.963	23.037	22	298.889	172.222	-311.111	205.556	-174.444	298.889	0.423346	-16.958
26	211	166.667	146.667	166.667	182.222	163.704	137.778	146.667	206.667	-777.778	-511.111	128.889	206.667	0.333856	223.903
68	127	105.556	0.975629	127.778	0.827759	163.704	108.889	264.444	117.778	-164.444	302.222	-137.778	264.444	0.601444	-203.581
58	124	111.111	114.074	0.555556	0.474074	114.815	0.111111	277.778	0.555556	-311.111	488.889	-177.778	277.778	0.984127	-218.129
115	81	0.722224	0.646932	0.722224	0.389683	105.926	918.889	124.889	101	-421.111	568.889	-147.778	124.889	0.26422	-238.226
53	176	194.445	0.879815	155.556	199.629	502.963	454.444	621.111	433.333	-145.556	354.444	-208.889	621.111	0.302421	-197.757
18	87	155.556	196.261	188.889	174.696	292.593	122.222	566.667	188.889	-511.111	822.222	-311.111	566.667	0.862771	-222.949
26	120	0.777778	127.407	0.833333	105.556	133.333	0.111111	333.333	0.555556	-366.667	6	-233.333	333.333	0.984127	-217.877
72	31	111.111	14.963	133.333	0.711108	135.926	129.889	145.556	132.333	-181.111	288.889	-107.778	145.556	0.107616	-225.501
96	92	333.333	297.778	177.778	0.651851	228.889	217.778	297.778	171.111	-333.333	206.667	-173.333	297.778	0.422223	-168.265
49	112	133.333	137.778	155.556	171.852	381.481	111.111	722.222	311.111	-811.111	102.222	-211.111	722.222	0.867665	-243.572
154	189	155.556	104.704	144.444	0.860663	599.259	534.444	748.889	514.444	-194.444	448.889	-254.444	748.889	0.312892	-200.596
58	109	116.667	0.62361	105.556	0.490653	418.148	361.111	536.667	356.667	-171.111	355.556	-184.444	536.667	0.334962	-206.864
49	42	261.111	0.928958	133.333	0.894428	588.889	506.667	745.556	514.444	-246.667	47	-223.333	745.556	0.322931	-212.574
38	241	205.556	0.574134	155.556	142.465	143.333	108.889	14	181.111	-103.333	-1	113.333	181.111	0.399901	254.414
155	40	188.889	207.275	0.055556	0.136083	125.926	122.222	155.556	1	-0.111111	0.888889	-0.777778	155.556	0.116667	-15.708
37	114	138.889	201.852	388.889	376.296	172.222	19	201.111	125.556	533.333	866.667	-14	205.556	0.393691	-117.666
75	75	283.333	461.111	222.222	371.852	25.963	233.333	347.778	197.778	-788.889	264.444	-185.556	347.778	0.429663	-18.356
170	143	0	0	0	0	0	0	0	0	0	0	0	0	0	0
101	42	111.111	0.607408	116.667	0.744442	137.074	130.444	147.444	133.333	-198.889	311.111	-112.222	147.444	0.115302	-226.361
52	66	116.667	0.255557	183.333	212.223	114.222	106.889	128.778	107	-22	436.667	-216.667	128.778	0.174128	-209.899
179	162	194.444	130.741	140.556	592.962	402.963	346.667	492.222	37	-168.889	267.778	-988.889	492.222	0.289652	-23.412
90	111	166.667	146.667	133.333	102.222	186.296	197.778	222.222	138.889	344.444	107.778	-142.222	222.222	0.374312	-133.379
230	117	327.778	0.928958	144.444	0.860663	39.037	335.556	497.778	337.778	-164.444	322.222	-157.778	497.778	0.335026	-210.623
19	102	388.889	150.062	116.667	0.62361	583.704	506.667	734.444	51	-231.111	452.222	-221.111	734.444	0.317014	-210.205
26	67	1	0.88889	244.444	318.518	20	195.556	258.889	145.556	-133.333	176.667	-163.333	258.889	0.436939	-16.232
220	120	0.388889	0.062963	0.388889	0.062963	1	0	3	0	-3	6	-3	3	1	-20.944
249	173	166.667	164.654	361.111	211.257	551.852	485.556	695.556	474.444	-198.889	431.111	-232.222	695.556	0.321085	-204.172
121	189	227.778	219.511	494.444	400.786	620.741	547.778	775.556	538.889	-218.889	464.444	-245.556	775.556	0.305404	-205.408
94	136	0.222222	0.02963	0.222222	0.02963	255.556	1	577.778	0.888889	-466.667	966.667	-5	577.778	0.84709	-207.124
45	89	0.777778	0.340741	0.777778	0.474074	22.963	0.111111	644.444	0.333333	-655.556	124.444	-588.889	644.444	0.986111	-21.239
62	140	244.444	100.741	138.889	0.685185	23	178.889	322.222	188.889	-153.333	276.667	-123.333	322.222	0.444353	-216.726
14	136	0	0	0	0	0	0	0	0	0	0	0	0	0	0
252	137	0.888889	0.544331	0.611111	0.712325	0.740741	0.333333	177.778	0.111111	-122.222	311.111	-188.889	177.778	0.75	-200.761
133	181	238.889	216.453	477.778	286.486	412.593	377.778	495.556	364.444	-104.444	248.889	-144.444	495.556	0.265619	-199.837
109	100	0.944444	0.490655	0.444445	0.403687	571.481	515.556	696.667	502.222	-167.778	375.556	-207.778	696.667	0.278963	-202.406
190	136	227.778	152.963	283.333	0.61111	485.185	288.889	855.556	311.111	-588.889	111.111	-522.222	855.556	0.709751	-21.239
81	126	194.444	112.963	105.556	0.285185	296.296	0.555556	655.556	177.778	-722.222	107.778	-355.556	655.556	0.935706	-22.891
161	138	0.222222	0.172133	0.222222	0.272166	122.222	0.444444	322.222	0	-233.333	6	-366.667	322.222	1	-194.917
24	58	0.888889	0.162963	138.889	228.519	209.259	20	273.333	154.444	-277.778	192.222	-164.444	273.333	0.434743	-168.507
113	132	0.444444	0.344265	0.388889	0.534027	12.963	0	344.444	0.444444	-388.889	644.444	-255.556	344.444	1	-220.485
252	82	105.555	0.41852	0.777778	0.474074	388.889	345.556	484.444	336.667	-13	286.667	-156.667	484.444	0.303876	-202.804
163	152	0	0	0	0	0	0	0	0	0	0	0	0	0	0
123	152	0	0	0	0	0	0	0	0	0	0	0	0	0	0
112	90	738.889	694.556	127.778	0.879814	651.852	576.667	797.778	581.111	-225.556	437.778	-212.222	797.778	0.278345	-210.881
201	183	188.889	191.679	233.333	178.886	526.296	474.444	651.111	453.333	-155.556	374.444	-218.889	651.111	0.30372	-198.191
241	135	0.222222	0.02963	0.166667	0.077778	0.148148	0	0.444444	0	-0.444444	0.888889	-0.444444	0.444444	0.333333	-20.944
136	193	238.889	145.169	255.556	140.897	607.037	544.444	748.889	527.778	-187.778	425.556	-237.778	748.889	0.295304	-201.821
67	64	211.111	211.852	238.889	344.074	224.815	22	288.889	165.556	-144.444	192.222	-177.778	288.889	0.426923	-162.567
220	36	0.944443	0.800462	105.556	0.854182	114.037	100.778	132.444	108.889	-397.778	552.222	-154.444	132.444	0.239085	-236.224
74	215	0.444445	0.074074	0.5	0.122222	692.593	511.111	444.444	112.222	-544.444	-744.444	128.889	112.222	0.603704	199.116
205	106	0.777778	0.45542	0.388889	0.136082	174.815	141.111	24	143.333	-101.111	195.556	-944.444	24	0.416401	-211.767
28	131	0.222222	0.074074	0.777778	0.207407	518.518	666.667	6	288.889	444.444	244.444	-688.889	666.667	0.566138	-0.874641
93	147	305.556	35.865	355.556	32.157	77.037	644.444	988.889	677.778	-377.778	655.556	-277.778	988.889	0.349471	-206.451
135	185	222.222	281.004	227.778	128.956	47.963	441.111	573.333	424.444	-115.556	281.111	-165.556	573.333	0.259189	-19.821
74	88	0.722221	0.329632	0.500001	0.211111	110.593	101.556	127.556	102.667	-271.111	508.889	-237.778	127.556	0.204675	-213.924
139	16	0.666667	0.355559	0.944448	0.062963	140.407	134.667	149.889	136.667	-172.222	284.444	-112.222	149.889	0.101526	-223.289
232	175	116.667	0.62361	283.333	216.795	153.704	124.444	135.556	201.111	-877.778	-544.444	142.222	201.111	0.387412	22.422
169	199	127.778	0.443053	127.778	104.172	145.185	111.111	145.556	178.889	-102.222	0.111111	101.111	178.889	0.378473	263.418
145	34	0.555557	0.340741	188.889	114.074	137.037	131.444	146.667	133	-167.778	288.889	-121.111	146.667	0.104539	-2.2
104	129	192.778	289.074	111.111	10.963	378.889	331.111	474.444	331.111	-143.333	286.667	-143.333	474.444	0.320613	-20.978
223	62	0.333333	0.298142	0.444444	0.501848	644.444	411.111	114.444	377.778	-7	15	-8	114.444	0.67037	-204.872
68	117	0.444444	0.207407	161.111	215.185	198.889	206.667	241.111	148.889	233.333	126.667	-15	241.111	0.381277	-142.009
219	126	0.388889	0.062963	140.556	443.741	361.852	335.556	43	32	-788.889	204.444	-125.556	43	0.258409	-194.218
29	18	0.777777	0.807372	172.222	128.956	682.963	59	861.111	597.778	-278.889	534.444	-255.556	861.111	0.317156	-212.364
180	142	0.166667	0.278887	0.111111	0.172133	0.111111	0	0.333333	0	-0.333333	0.666667	-0.333333	0.333333	0.222222	-20.944
19	145	0.888889	167.407	211.111	438.519	207.407	0.666667	355.556	2	-422.222	444.444	-0.222222	355.556	0.457672	-256.977
41	75	153.889	191.363	266.111	317.136	55	474.444	654.444	521.111	-226.667	313.333	-866.667	654.444	0.297802	-235.675
108	138	0.277778	0.062963	0.5	0.122222	318.519	144.444	666.667	144.444	-522.222	104.444	-522.222	666.667	0.799603	-208.783
95	97	0.611111	0.534027	0.777777	0.45542	195.926	153.333	277.778	156.667	-127.778	245.556	-117.778	277.778	0.447494	-212.135
4	201	272.222	167.885	522.222	312.457	537.037	471.111	672.222	467.778	-197.778	405.556	-207.778	672.222	0.308859	-207.523
23	113	0.722222	0.996296	277.778	278.518	147.037	171.111	168.889	101.111	722.222	655.556	-137.778	183.333	0.451359	-0.9757
200	250	227.778	142.075	144.444	10.256	922.222	655.556	733.333	137.778	-8	-566.667	136.667	137.778	0.56339	219.294
234	122	172.222	784.074	138.889	757.407	225.926	0.555556	522.222	1	-511.111	888.889	-377.778	522.222	0.960317	-21.732
117	181	183.333	124.276	3	20.548	468.889	43	568.889	407.778	-116.667	30	-183.333	568.889	0.283287	-194.909
98	41	172.223	0.774073	111.111	0.874068	137.148	130.667	147.222	133.556	-194.444	302.222	-107.778	147.222	0.112421	-226.853
196	93	177.778	256.296	1.5	0.922222	5	2	933.333	366.667	-9	13	-4	933.333	0.80862	-232.942
132	182	0.888889	0.655462	211.111	177.221	435.185	402.222	525.556	377.778	-988.889	271.111	-172.222	525.556	0.280764	-191.735
28	112	0.722222	0.418518	0.555555	0.162963	592.593	711.111	722.222	344.444	355.556	388.889	-744.444	755.556	0.544092	-105.828
137	190	205.556	0.742868	227.778	140.502	604.444	534.444	755.556	523.333	-21	453.333	-243.333	755.556	0.308799	-204.362
161	154	0	0	0	0	0	0	0	0	0	0	0	0	0	0
99	103	1	0.400001	0.833336	0.433334	644.444	583.333	781.111	568.889	-183.333	41	-226.667	781.111	0.271568	-202.258
142	182	2.5	1.1	227.778	361.852	345.185	315.556	422.222	297.778	-888.889	231.111	-142.222	422.222	0.293208	-194.304
178	138	0.111111	0.172133	0.055556	0.136083	137.037	1	311.111	0	-111.111	522.222	-411.111	311.111	1	-175.502
203	93	266.667	644.444	344.444	116.741	677.778	322.222	118.889	522.222	-106.667	153.333	-466.667	118.889	0.760191	-233.277
253	192	216.667	200.832	255.556	15.444	475.185	423.333	592.222	41	-155.556	351.111	-195.556	592.222	0.307473	-202.023
65	54	177.778	167.407	272.222	432.963	245.926	227.778	325.556	184.444	-544.444	238.889	-184.444	325.556	0.432167	-176.075
248	149	116.667	0.788889	105.556	0.640741	19	144.444	197.778	227.778	-136.667	233.333	113.333	227.778	0.363717	274.165
21	122	0.444444	0.403687	0.444444	0.403687	0.555556	0	122.222	0.444444	-166.667	2	-0.333333	122.222	0.555556	-244.456
250	37	0.611111	0.240739	105.555	0.951851	959.259	801.111	121.111	865.556	-474.444	755.556	-281.111	121.111	0.338487	-225.844
224	124	316.667	954.444	738.889	701.963	431.481	392.222	526.667	375.556	-117.778	285.556	-167.778	526.667	0.290982	-198.098
84	65	0.722221	0.374072	2	0.711109	125.667	115.333	141.667	120	-31	48	-17	141.667	0.185658	-227.374
33	132	105.556	0.998147	172.222	0.998146	196.296	0.666667	422.222	1	-388.889	677.778	-288.889	422.222	0.676888	-215.243
143	24	127.778	0.907406	0.888888	114.075	127.63	117.667	141.667	123.556	-298.889	421.111	-122.222	141.667	0.169397	-234.925
242	164	0.388889	0.534027	322.222	104.704	198.148	151.111	187.778	255.556	-141.111	-311.111	172.222	255.556	0.409529	245.981
236	115	438.889	366.296	0.444444	0.074074	147.407	106.667	222.222	113.333	-122.222	224.444	-102.222	222.222	0.533126	-215.163
240	58	105.555	0.774072	1	0.711108	927.037	768.889	118.556	826.667	-474.444	775.556	-301.111	118.556	0.351331	-22.393
197	121	216.667	173.628	0.944444	0.904721	41.037	374.444	494.444	362.222	-107.778	252.222	-144.444	494.444	0.280578	-199.554
33	142	0.111111	0.02963	0.111111	0.02963	0.037037	0	0.111111	0	-0.111111	0.222222	-0.111111	0.111111	0.111111	-20.944
22	114	0.944444	116.269	116.667	0.408248	304.815	244.444	407.778	262.222	-181.111	308.889	-127.778	407.778	0.400536	-220.716
116	54	0.611112	0.443054	172.222	0.928958	108.852	967.778	126.111	103.667	-362.222	517.778	-155.556	126.111	0.232219	-233.633
47	232	127.778	125.462	1	0.894427	127.037	11	9	181.111	-511.111	-111.111	162.222	181.111	0.500966	187.536
113	96	0.944445	0.507407	111.111	0.34074	381.481	111.111	855.556	177.778	-811.111	142.222	-611.111	855.556	0.872222	-218.623
51	141	0.555556	0.118518	0.222222	0.074074	0.703704	0.333333	177.778	0	-111.111	322.222	-211.111	177.778	0.888889	-192.122
32	113	0.5	0.077778	0.277778	0.151852	614.815	722.222	777.778	344.444	322.222	488.889	-811.111	788.889	0.563492	-117.545
54	176	211.111	0.688531	266.667	269.155	506.667	46	626.667	433.333	-14	36	-22	626.667	0.308573	-195.141
97	123	0.388889	0.018519	0.166667	0.077778	114.815	0	344.444	0	-344.444	688.889	-344.444	344.444	1	-20.944
23	92	411.111	463.641	7	56.882	126.667	877.778	186.667	105.556	-116.667	18	-633.333	186.667	0.564898	-228.056
115	183	105.556	0.772202	472.222	102.017	198.519	145.556	19	26	-158.889	-255.556	184.444	26	0.449942	250.681
194	118	0.444445	0.118518	0.444445	0.162963	625.926	755.556	766.667	355.556	388.889	422.222	-811.111	777.778	0.543871	-10.762
118	133	0.222222	0.02963	0.222222	0.02963	0.740741	0	222.222	0	-222.222	444.444	-222.222	222.222	1	-20.944
93	236	177.778	26.963	2	0.933333	125.185	955.556	107.778	172.222	-888.889	-522.222	141.111	172.222	0.447247	22.672
129	188	366.667	201.108	461.111	240.755	610.741	537.778	76	534.444	-218.889	447.778	-228.889	76	0.30013	-20.791
13	191	355.556	540.741	777.778	400.296	252.963	235.556	298.889	224.444	-522.222	137.778	-855.556	301.111	0.237113	-185.826
251	24	116.667	0.966665	161.111	0.418519	121.63	110.778	137.778	116.333	-325.556	484.444	-158.889	137.778	0.195977	-230.791
142	182	2.5	1.1	227.778	361.852	345.185	315.556	422.222	297.778	-888.889	231.111	-142.222	422.222	0.293208	-194.304
147	193	661.111	360.504	705.556	540.953	517.407	465.556	63	456.667	-155.556	337.778	-182.222	63	0.275266	-208.017
101	130	0.611111	0.240741	0.666667	0.577778	577.778	744.444	666.667	322.222	5	266.667	-766.667	755.556	0.575397	-0.871495
62	123	0.444444	0.207407	0.5	0.122222	581.482	755.556	666.667	322.222	522.222	255.556	-777.778	755.556	0.573413	-0.837598
93	190	5.5	18.227	261.111	323.465	535.926	473.333	668.889	465.556	-187.778	398.889	-211.111	668.889	0.303602	-205.255
21	90	0.666668	0.044444	0.777779	0.562963	113.481	105.889	128.556	106	-227.778	452.222	-224.444	128.556	0.179697	-209.781
196	244	127.778	0.551852	361.111	695.185	774.074	666.667	7	955.556	-322.222	-222.222	544.444	955.556	0.383372	234.059
30	251	244.444	188.169	8	160.554	206.667	214.444	177.778	227.778	233.333	-866.667	633.333	227.778	0.231417	128.706
40	35	0.722223	0.250923	105.555	0.646928	694.444	617.778	853.333	612.222	-23	476.667	-246.667	853.333	0.287488	-20.742
80	124	0.555556	0.162963	0.444444	0.02963	511.111	666.667	6	266.667	466.667	266.667	-733.333	677.778	0.608466	-0.877707
216	78	133.333	0.355555	433.333	635.555	361.111	313.333	46	31	-143.333	296.667	-153.333	46	0.33971	-205.383
184	145	0.722222	0.611616	0.222222	0.272166	0.555556	0.333333	122.222	0.111111	-0.666667	2	-133.333	122.222	0.527778	-192.094
216	126	0.555555	0.207407	0.555556	0.074074	492.593	644.444	577.778	255.556	455.556	255.556	-711.111	655.556	0.611111	-0.877707
147	69	205.556	290.741	188.889	256.296	256.667	234.444	344.444	191.111	-666.667	263.333	-196.667	344.444	0.44486	-179.139
46	88	1.5	136.667	155.556	127.407	32.963	0.666667	766.667	155.556	-788.889	131.111	-522.222	766.667	0.929574	-221.654
3	91	222.222	505.185	1	195.556	562.963	188.889	106.667	433.333	-112.222	151.111	-388.889	106.667	0.829748	-238.395
205	47	122.222	0.607409	155.556	0.829628	123.852	114.111	139.778	117.667	-292.222	477.778	-185.556	139.778	0.18354	-223.989
134	54	0.611112	0.646931	122.222	10.037	124.37	112.667	141.333	119.111	-351.111	508.889	-157.778	141.333	0.202708	-232.866
125	46	0.611109	0.611616	216.667	0.781735	124.556	112.778	141	119.889	-353.333	493.333	-14	141	0.200124	-235.769
252	201	461.111	549.512	555.556	579.527	402.963	357.778	49	361.111	-135.556	261.111	-125.556	49	0.275368	-217.583
39	111	0.722222	0.374074	0.888889	0.429629	603.704	7	766.667	344.444	288.889	488.889	-777.778	788.889	0.562919	-117.577
161	147	0	0	0	0	0	0	0	0	0	0	0	0	0	0
239	32	0.777779	0.207408	1.5	118.889	121.444	110.222	138.111	116	-336.667	50	-163.333	138.111	0.201898	-230.939
239	110	0.277778	0.062963	0.222222	0.02963	944.444	611.111	158.889	633.333	-10	193.333	-933.333	158.889	0.620643	-212.027
53	42	327.778	0.712325	0.611111	0.534027	282.593	244.444	362.222	241.111	-114.444	238.889	-124.444	362.222	0.337893	-206.101
79	57	172.222	161.852	194.444	197.407	268.148	24	362.222	202.222	-844.444	282.222	-197.778	362.222	0.440509	-183.767
182	186	366.667	204.396	177.778	124.127	484.444	437.778	598.889	416.667	-14	343.333	-203.333	598.889	0.304522	-197.306
47	121	0.888889	10.256	488.889	320.878	536.667	468.889	668.889	472.222	-203.333	396.667	-193.333	668.889	0.300672	-211.023
174	181	327.778	315.113	416.667	278.688	590.741	523.333	742.222	506.667	-202.222	454.444	-252.222	742.222	0.317345	-202.086
169	98	0.722221	0.15185	166.667	0.755554	923.333	773.333	116.889	827.778	-45	736.667	-286.667	116.889	0.338288	-223.852
112	90	738.889	694.556	127.778	0.879814	651.852	576.667	797.778	581.111	-225.556	437.778	-212.222	797.778	0.278345	-210.881
7	48	0.611111	0.107407	133.333	0.355557	115.778	107.444	132.444	107.444	-25	50	-25	132.444	0.197114	-209.056
145	90	1	0.577778	2	0.399999	248.519	236.667	322.222	186.667	-355.556	221.111	-185.556	322.222	0.420598	-170.594
115	182	0.555556	104.704	0.722223	114.342	175.926	154.444	14	233.333	-644.444	-107.778	172.222	233.333	0.399447	193.759
156	123	0.388889	0.151852	0.388889	0.062963	611.111	8	677.778	355.556	566.667	2	-766.667	8	0.555776	-0.761648
219	80	127.778	0.32963	0.666667	0.933332	397.037	363.333	482.222	345.556	-101.111	255.556	-154.444	482.222	0.282964	-196.265
195	119	361.111	140.502	122.222	0.91084	862.963	588.889	136.667	633.333	-822.222	151.111	-688.889	136.667	0.589565	-214.271
108	128	705.556	436.866	166.667	105.409	532.593	463.333	671.111	463.333	-207.778	415.556	-207.778	671.111	0.312927	-209.193
190	186	272.222	224.516	605.556	281.596	500.741	456.667	602.222	443.333	-132.222	304.444	-172.222	602.222	0.266195	-202.881
103	216	0.888889	0.651852	216.667	114.444	145.556	108.889	136.667	191.111	-11	-266.667	136.667	191.111	0.431696	244.755
75	90	416.667	300.185	283.333	277.088	482.222	412.222	614.444	42	-21	396.667	-186.667	614.444	0.327632	-213.186
42	200	0.555555	0.42963	0.444444	0.251852	77.037	577.778	588.889	114.444	-577.778	-544.444	112.222	114.444	0.51532	210.726
27	50	105.556	0.462963	1	0.488889	23.037	216.667	30	174.444	-411.111	208.889	-167.778	30	0.418746	-174.125
250	196	1.5	150.185	227.778	121.868	477.778	426.667	587.778	418.889	-153.333	33	-176.667	587.778	0.289138	-2.046
189	144	0	0	0	0	0	0	0	0	0	0	0	0	0	0
126	80	210.556	530.552	346.111	409.396	687.778	603.333	795.556	664.444	-253.333	323.333	-7	795.556	0.289624	-243.419
224	124	155.556	129.386	188.889	118.634	435.185	367.778	563.333	374.444	-202.222	384.444	-182.222	563.333	0.348022	-21.278
132	91	189.444	188.507	334.444	889.363	428.148	358.889	526.667	398.889	-207.778	295.556	-877.778	526.667	0.398824	-234.606
123	152	0	0	0	0	0	0	0	0	0	0	0	0	0	0
27	57	0.722223	0.327728	0.722223	0.389679	703.704	60	901.111	61	-311.111	592.222	-281.111	901.111	0.335387	-21.288
97	86	1.5	0.833333	355.556	216.296	238.148	233.333	302.222	178.889	-144.444	192.222	-177.778	302.222	0.405541	-160.859
85	56	133.333	0.4	127.778	184.074	264.444	233.333	36	20	-933.333	286.667	-193.333	36	0.442788	-186.318
46	131	0.277778	0.062963	177.778	185.185	140.741	0.777778	277.778	0.666667	-188.889	411.111	-222.222	277.778	0.77037	-205.134
152	199	111.111	0.518519	0.833334	0.255555	17.963	152.222	154.444	232.222	-822.222	-755.556	157.778	232.222	0.348063	212.951
243	166	0.611111	0.329629	0.722222	0.32963	133.704	112.222	121.111	167.778	-644.444	-377.778	102.222	167.778	0.330513	226.428
92	70	111.111	136.083	0.777777	0.655461	611.111	534.444	77	528.889	-23	476.667	-246.667	77	0.314365	-207.083
92	56	0.444443	0.029629	0.833333	0.566668	126	115.889	140.667	121.444	-303.333	44	-136.667	140.667	0.176061	-232.678
27	248	161.111	0.64693	316.667	17.224	152.963	147.778	128.889	182.222	-155.556	-722.222	877.778	182.222	0.312227	178.351
66	41	0.611112	0.327731	0.388892	0.327733	109.704	951.111	128.889	105.111	-437.778	575.556	-137.778	128.889	0.262046	-240.475
112	30	0.555557	0.272164	122.222	0.720082	113.259	100.778	130.111	108.889	-374.444	505.556	-131.111	130.111	0.225384	-238.531
133	141	0.111111	0.172133	0.111111	0.172133	0.074074	0	0.222222	0	-0.222222	0.444444	-0.222222	0.222222	0.222222	-20.944
165	99	0.888891	0.474074	0.777779	0.474074	934.074	79	118	832.222	-432.222	737.778	-305.556	118	0.330418	-220.776
187	75	155.556	0.91084	566.667	480.278	397.037	357.778	482.222	351.111	-117.778	255.556	-137.778	482.222	0.275059	-203.643
113	34	2	113.529	0.833331	0.836659	728.889	65	891.111	645.556	-236.667	486.667	-25	891.111	0.279176	-207.815
206	233	138.889	15.408	172.222	0.827759	268.148	218.889	251.111	334.444	-147.778	-511.111	198.889	334.444	0.345755	238.935
252	76	172.222	114.342	0.555555	0.344266	422.963	36	541.111	367.778	-188.889	354.444	-165.556	541.111	0.334876	-2.139
180	162	311.111	576.296	129.444	939.626	414.815	356.667	505.556	382.222	-174.444	272.222	-977.778	505.556	0.291106	-233.537
233	64	1	0.800003	0.777777	0.207406	928.148	772.222	118.667	825.556	-467.778	775.556	-307.778	118.667	0.34921	-222.894
64	19	0.944445	0.151853	166.667	0.31111	137.778	131.556	146.444	135.333	-186.667	26	-733.333	146.444	0.101515	-23.586
142	208	194.444	264.074	2.5	132.222	185.556	154.444	148.889	253.333	-933.333	-11	203.333	253.333	0.440895	210.221
87	135	0.388889	0.240741	0.333333	0.177778	0.962963	0	277.778	0.111111	-288.889	544.444	-255.556	277.778	1	-211.755
143	114	1.5	0.809664	0.388889	0.389682	271.852	23	344.444	241.111	-125.556	217.778	-922.222	344.444	0.331888	-219.642
167	53	127.778	0.490654	0.944443	0.389682	404.444	368.889	486.667	357.778	-106.667	246.667	-14	486.667	0.264564	-200.456
86	197	161.111	145.169	127.778	110.386	632.222	562.222	777.778	556.667	-21	436.667	-226.667	777.778	0.285333	-206.802
66	155	372.222	217.963	772.222	715.741	825.926	588.889	126.667	622.222	-711.111	132.222	-611.111	126.667	0.300624	-214.762
64	186	216.667	194.444	683.333	535.889	307.778	275.556	378.889	268.889	-966.667	213.333	-116.667	378.889	0.276726	-204.631
174	75	1.5	0.722648	238.889	108.355	411.111	403.333	456.667	373.333	-233.333	136.667	-113.333	456.667	0.181732	-172.228
199	116	0.555555	0.296296	0.444444	0.02963	196.296	0.666667	488.889	0.333333	-388.889	877.778	-488.889	488.889	0.940741	-201.892
78	85	5.5	210.555	6.5	459.831	488.889	424.444	615.556	426.667	-193.333	38	-186.667	615.556	0.315228	-209.736
42	201	211.111	201.843	433.333	472.346	593.333	525.556	74	514.444	-203.333	44	-236.667	74	0.306609	-204.251
49	240	305.556	163.865	205.556	174.377	204.444	152.222	187.778	273.333	-156.667	-5	206.667	273.333	0.445808	242.079
139	128	294.444	788.519	316.667	124.333	52.963	244.444	955.556	388.889	-855.556	127.778	-422.222	955.556	0.804724	-230.037
187	86	105.556	106.284	305.556	254.224	67.037	466.667	108.889	455.556	-611.111	125.556	-644.444	108.889	0.594226	-205.447
224	73	1.5	127.778	233.333	106.667	581.482	233.333	106.667	444.444	-104.444	145.556	-411.111	106.667	0.78993	-235.564
9	80	294.444	137.519	166.667	715.111	236.296	173.333	316.667	218.889	-188.889	241.111	-522.222	316.667	0.514254	-243.151
150	94	111.111	0.607404	127.778	0.507409	952.963	808.889	119.222	857.778	-432.222	717.778	-285.556	119.222	0.321505	-222.711
236	194	266.667	193.218	244.444	179.712	501.111	442.222	624.444	436.667	-176.667	37	-193.333	624.444	0.300667	-206.428
101	197	355.556	754.074	494.444	641.852	212.593	174.444	187.778	275.556	-114.444	-744.444	188.889	275.556	0.394886	224.309
115	75	0.944445	0.774077	105.556	0.596296	126.074	115.889	141.222	121.111	-305.556	454.444	-148.889	141.222	0.179353	-23.098